27.0805
27.0805
27.0808
27.0809
27.0808
27.0806
27.0807
27.0812
27.0816
27.0819
27.0818
27.0813
27.0807
27.0805
27.0808
27.0808
27.0809
27.0808
27.0809
27.0809
27.0809
27.081
27.081
27.081
27.0809
27.0805
27.0804
27.0809
27.0811
27.0812
27.0813
27.0809
27.0807
27.0805
27.0808
27.081
27.081
27.0807
27.0806
27.0809
27.081
27.0811
27.0807
27.0805
27.0801
27.0799
27.0803
27.0804
27.0804
27.0803
27.0804
27.0806
27.0807
27.0805
27.0801
27.0804
27.0801
27.0799
27.0801
27.0802
27.0801
27.0801
27.0803
27.0804
27.0801
27.0801
27.0805
27.0809
27.0807
27.0802
27.0799
27.0801
27.0798
27.0798
27.0794
27.0796
27.0795
27.0797
27.0799
27.08
27.0799
27.08
27.0803
27.0804
27.0802
27.0801
27.0804
27.0805
27.0802
27.0798
27.0798
27.0798
27.0794
27.0795
27.0793
27.0797
27.0796
27.0797
27.0799
27.0801
27.08
27.0797
27.0796
27.0794
27.0794
27.0795
27.0795
27.0797
27.0793
27.0789
27.0789
27.0789
27.0786
27.0787
27.0788
27.0789
27.0791
27.0791
27.0796
27.08
27.08
27.0795
27.0794
27.0796
27.0798
27.0798
27.0797
27.0794
27.0792
27.079
27.0784
27.078
27.0781
27.0784
27.0785
27.0787
27.0788
27.0791
27.0793
27.0792
27.0793
27.0793
27.0793
27.079
27.0792
27.0793
27.0792
27.0789
27.0788
27.0788
27.0787
27.0785
27.0786
27.079
27.0791
27.0791
27.0791
27.0794
27.0793
27.0789
27.0789
27.0788
27.0787
27.0785
27.0784
27.0785
27.0787
27.0784
27.0783
27.0787
27.079
27.0789
27.079
27.0791
27.0792
27.079
27.0793
27.0795
27.0795
27.0793
27.079
27.0788
27.0787
27.0787
27.0786
27.0787
27.0786
27.0784
27.0786
27.0789
27.079
27.0789
27.0787
27.0787
27.0786
27.0788
27.079
27.0792
27.0791
27.0791
27.0791
27.0791
27.0791
27.0791
27.079
27.0789
27.0787
27.0787
27.079
27.0791
27.079
27.0787
27.0784
27.0785
27.0784
27.0787
27.0786
27.0785
27.0787
27.079
27.0791
27.0794
27.0795
27.0796
27.0795
27.0794
27.0791
27.079
27.0793
27.0793
27.0791
27.079
27.0788
27.0792
27.0791
27.0794
27.0791
27.079
27.0789
27.079
27.079
27.079
27.0795
27.0798
27.0796
27.0793
27.0791
27.0793
27.0794
27.0797
27.0796
27.0799
27.0795
27.0796
27.0794
27.0795
27.0795
27.0795
27.0791
27.0788
27.0786
27.0789
27.0794
27.0797
27.0796
27.0793
27.0791
27.0793
27.0792
27.0795
27.0796
27.0798
27.0794
27.079
27.0793
27.0795
27.0796
27.0797
27.0796
27.0792
27.0788
27.0794
27.0795
27.0798
27.0797
27.0795
27.0794
27.0794
27.0794
27.0794
27.0794
27.0795
27.0794
27.0792
27.0793
27.0797
27.08
27.0801
27.0798
27.0794
27.0795
27.0799
27.0798
27.0799
27.0799
27.0799
27.0798
27.0799
27.08
27.08
27.0798
27.0795
27.0796
27.0797
27.0798
27.0801
27.0804
27.0801
27.0796
27.0799
27.0802
27.0801
27.0801
27.0799
27.0801
27.08
27.08
27.08
27.0803
27.0802
27.08
27.0798
27.08
27.0804
27.0804
27.0803
27.0804
27.0804
27.0801
27.0802
27.0804
27.0804
27.08
27.0797
27.0801
27.0803
27.0806
27.0804
27.0802
27.0804
27.0803
27.08
27.0802
27.0807
27.0806
27.0806
27.0809
27.0812
27.0813
27.0813
27.0809
27.0807
27.0803
27.0801
27.0804
27.0805
27.0806
27.0808
27.0806
27.0804
27.0801
27.0804
27.0806
27.0807
27.0808
27.0808
27.0806
27.0809
27.0814
27.0814
27.0813
27.0811
27.081
27.081
27.081
27.0809
27.0809
27.0808
27.0807
27.0803
27.08
27.0803
27.0805
27.0807
27.0808
27.0802
27.0796
27.0795
27.0802
27.0806
27.0811
27.0811
27.0809
27.081
27.081
27.0807
27.0804
27.0804
27.0803
27.0804
27.0804
27.0802
27.0802
27.0808
27.0807
27.0802
27.0797
27.0797
27.0798
27.0803
27.0806
27.0808
27.0809
27.0807
27.0804
27.0802
27.08
27.0799
27.0799
27.0801
27.0802
27.0799
27.0798
27.0803
27.0804
27.0801
27.0796
27.08
27.0802
27.0802
27.0805
27.0807
27.0809
27.0805
27.08
27.0798
27.08
27.0799
27.0796
27.0796
27.0795
27.0793
27.0796
27.08
27.0797
27.0792
27.0789
27.0794
27.0796
27.0799
27.08
27.0802
27.0801
27.0798
27.0793
27.0792
27.0796
27.0795
27.0795
27.079
27.0787
27.0791
27.0794
27.0796
27.0794
27.079
27.0787
27.0787
27.0788
27.0791
27.0794
27.0794
27.0793
27.0792
27.0793
27.0798
27.0801
27.08
27.0798
27.079
27.0786
27.0788
27.0787
27.0784
27.0784
27.0783
27.0783
27.0784
27.0785
27.0785
27.0787
27.0789
27.0791
27.0791
27.079
27.0793
27.0797
27.0798
27.0798
27.0794
27.0788
27.0783
27.0781
27.078
27.0781
27.0779
27.078
27.0781
27.0781
27.0781
27.0785
27.0787
27.0786
27.0786
27.0783
27.0782
27.0787
27.0789
27.0789
27.0789
27.0783
27.0781
27.0783
27.0786
27.0785
27.0786
27.0782
27.0778
27.0777
27.078
27.0782
27.0782
27.0784
27.0782
27.078
27.0779
27.0784
27.0787
27.0787
27.0785
27.0785
27.0786
27.0786
27.0785
27.0785
27.0785
27.078
27.0777
27.078
27.0783
27.0784
27.0786
27.0789
27.0787
27.0784
27.0787
27.0787
27.0788
27.0787
27.0788
27.0792
27.0793
27.0788
27.0783
27.079
27.0787
27.0785
27.0785
27.0788
27.079
27.0788
27.0792
27.0792
27.0791
27.0786
27.0788
27.0789
27.0788
27.0786
27.0789
27.0791
27.0787
27.0784
27.0789
27.0794
27.0793
27.0792
27.079
27.0791
27.079
27.0789
27.0788
27.0788
27.0789
27.0788
27.0788
27.0787
27.0788
27.0789
27.0792
27.079
27.0782
27.0786
27.0789
27.079
27.0794
27.0792
27.0791
27.0786
27.0789
27.0787
27.0792
27.0789
27.0789
27.079
27.0792
27.0791
27.079
27.0792
27.0794
27.079
27.0786
27.0789
27.0792
27.0791
27.0795
27.0793
27.0795
27.0792
27.0795
27.0791
27.0793
27.0792
27.0794
27.0794
27.0794
27.0795
27.0798
27.08
27.0796
27.0789
27.0794
27.0797
27.0796
27.0796
27.0796
27.0798
27.0798
27.08
27.0796
27.0794
27.0791
27.0792
27.0797
27.0796
27.0795
27.0799
27.0803
27.0804
27.0802
27.0797
27.08
27.0799
27.08
27.0799
27.0799
27.0799
27.0799
27.0797
27.0794
27.0797
27.0797
27.0796
27.0799
27.0799
27.08
27.0803
27.0805
27.0804
27.0804
27.0802
27.0802
27.08
27.0801
27.08
27.08
27.0799
27.0798
27.0799
27.0803
27.0803
27.0803
27.0804
27.0804
27.0803
27.0803
27.0805
27.0805
27.0804
27.0802
27.0801
27.0803
27.0801
27.08
27.0799
27.0799
27.0797
27.0798
27.0801
27.0803
27.0804
27.0804
27.0805
27.0806
27.0804
27.0802
27.0803
27.0803
27.0801
27.0801
27.0801
27.0802
27.0801
27.0803
27.0799
27.08
27.0801
27.0801
27.08
27.0802
27.0806
27.0807
27.0804
27.0804
27.0805
27.0806
27.0805
27.0805
27.0802
27.0801
27.0803
27.0805
27.0806
27.0806
27.0802
27.0802
27.0804
27.0805
27.0805
27.0809
27.0812
27.0814
27.081
27.0808
27.0813
27.0816
27.0813
27.081
27.0806
27.0807
27.0807
27.081
27.081
27.0809
27.0803
27.0804
27.0804
27.0804
27.0804
27.0806
27.0809
27.081
27.0809
27.0811
27.0813
27.0813
27.0808
27.0805
27.0806
27.0806
27.0803
27.0805
27.0806
27.0806
27.0803
27.0803
27.0797
27.0796
27.0797
27.0797
27.0798
27.0799
27.0801
27.0802
27.0804
27.0801
27.08
27.0798
27.0793
27.0791
27.0792
27.0794
27.0795
27.0797
27.0801
27.0802
27.0798
27.0794
27.0795
27.0792
27.0793
27.0794
27.0796
27.0797
27.0798
27.0799
27.0799
27.0799
27.0797
27.0793
27.0791
27.0793
27.0795
27.0798
27.0799
27.08
27.0798
27.0796
27.0798
27.0794
27.0791
27.0791
27.0793
27.0792
27.0792
27.0794
27.0796
27.0796
27.0798
27.0795
27.0795
27.0795
27.0799
27.0798
27.0798
27.0794
27.0792
27.0793
27.0793
27.0792
27.0787
27.0785
27.0787
27.0786
27.0789
27.0791
27.0794
27.079
27.0785
27.0788
27.079
27.0788
27.0789
27.0788
27.0789
27.0787
27.0789
27.0789
27.0791
27.0788
27.0785
27.0785
27.0785
27.0788
27.0789
27.0789
27.0791
27.0791
27.0789
27.0788
27.0788
27.0784
27.0785
27.0786
27.0787
27.0786
27.0787
27.0788
27.0788
27.0784
27.0784
27.0788
27.0789
27.0785
27.078
27.0781
27.0784
27.0786
27.0786
27.0787
27.0787
27.0785
27.0788
27.0791
27.0793
27.0791
27.0786
27.0788
27.0787
27.0786
27.0788
27.0793
27.0795
27.0786
27.0781
27.0785
27.0788
27.0787
27.0787
27.0786
27.0786
27.0785
27.0788
27.0792
27.0794
27.0792
27.079
27.079
27.0789
27.079
27.0793
27.0792
27.0792
27.0789
27.0789
27.0792
27.0794
27.0795
27.0795
27.0792
27.0791
27.0792
27.0792
27.0792
27.0795
27.0794
27.0791
27.0791
27.0789
27.0788
27.079
27.0788
27.0788
27.0791
27.0793
27.0795
27.0794
27.0789
27.0792
27.0793
27.0791
27.0791
27.0792
27.0794
27.0795
27.0797
27.0794
27.0795
27.0793
27.0788
27.0789
27.0789
27.0784
27.0786
27.079
27.0794
27.0794
27.0791
27.0793
27.0796
27.0796
27.0795
27.0794
27.0795
27.0793
27.0794
27.0793
27.0797
27.0797
27.0797
27.0796
27.0795
27.0791
27.0788
27.0791
27.0794
27.0795
27.0793
27.0792
27.0797
27.0799
27.08
27.0799
27.0796
27.0793
27.0791
27.0794
27.0795
27.0797
27.0797
27.0798
27.0797
27.0795
27.0793
27.0794
27.0796
27.0796
27.0794
27.0791
27.0795
27.0798
27.0801
27.0802
27.0801
27.0799
27.0797
27.0801
27.0801
27.0802
27.0799
27.08
27.0799
27.0795
27.0795
27.0796
27.0796
27.0795
27.0796
27.0799
27.0797
27.0797
27.0803
27.0806
27.0806
27.0805
27.0803
27.0805
27.0806
27.0808
27.0804
27.0804
27.08
27.0798
27.08
27.0804
27.0804
27.0805
27.0802
27.0804
27.0804
27.0804
27.0804
27.0805
27.0805
27.0802
27.0799
27.08
27.0805
27.0808
27.0808
27.0805
27.0802
27.0803
27.0804
27.0807
27.0806
27.0804
27.0802
27.0805
27.0805
27.0806
27.0806
27.0804
27.0804
27.0802
27.0801
27.0798
27.0801
27.0802
27.0802
27.0803
27.0803
27.0804
27.0804
27.0807
27.0805
27.0803
27.0804
27.0804
27.0804
27.0804
27.0802
27.0802
27.0801
27.0804
27.0803
27.0803
27.0804
27.0803
27.0802
27.0803
27.0804
27.0804
27.0804
27.0803
27.0805
27.0804
27.0801
27.08
27.0803
27.0803
27.0803
27.08
27.0801
27.0803
27.0804
27.0804
27.0806
27.0806
27.0802
27.0802
27.0803
27.0804
27.0805
27.0802
27.08
27.0798
27.08
27.0802
27.0803
27.0801
27.0799
27.0798
27.08
27.0801
27.0801
27.08
27.0801
27.0797
27.0796
27.0797
27.0799
27.0799
27.0797
27.0794
27.0796
27.0799
27.08
27.0802
27.0802
27.0798
27.0795
27.0798
27.0797
27.0798
27.0798
27.0797
27.0798
27.0796
27.0795
27.0797
27.08
27.0797
27.0792
27.0791
27.0795
27.0795
27.0798
27.0797
27.0797
27.0795
27.0793
27.0791
27.0791
27.0793
27.0792
27.0792
27.0792
27.0794
27.0793
27.0793
27.0795
27.0794
27.0788
27.0786
27.0791
27.0794
27.0795
27.0794
27.0796
27.0796
27.0792
27.0788
27.079
27.0789
27.0787
27.0786
27.0789
27.0791
27.0789
27.0788
27.079
27.0791
27.0789
27.0789
27.0791
27.0792
27.0789
27.0789
27.0793
27.0793
27.0787
27.0789
27.079
27.079
27.0786
27.0785
27.0789
27.0789
27.0788
27.0786
27.0791
27.0791
27.0789
27.0792
27.0796
27.0796
27.0791
27.0789
27.0791
27.0788
27.0783
27.0783
27.0784
27.0781
27.0782
27.0784
27.0788
27.0788
27.0788
27.0785
27.0787
27.0785
27.0784
27.0786
27.0788
27.0786
27.0787
27.0791
27.0793
27.079
27.0785
27.0784
27.0782
27.0778
27.0781
27.0786
27.0788
27.0789
27.0789
27.0788
27.0788
27.0789
27.079
27.079
27.0788
27.0785
27.0787
27.079
27.0792
27.0792
27.0789
27.0788
27.0788
27.0786
27.0787
27.0788
27.0788
27.0788
27.079
