9.5593
9.55936
9.55944
9.55945
9.55941
9.55932
9.55921
9.55909
9.55911
9.55918
9.55921
9.55922
9.55929
9.55937
9.5594
9.55944
9.55944
9.55938
9.55927
9.55918
9.55917
9.55924
9.55928
9.5593
9.55935
9.55939
9.55943
9.55939
9.55936
9.55927
9.5592
9.55906
9.55897
9.55906
9.55917
9.55925
9.55933
9.55936
9.55946
9.55949
9.55947
9.55933
9.55926
9.55916
9.55906
9.55915
9.55921
9.55927
9.55931
9.55936
9.55941
9.55939
9.55933
9.5592
9.55916
9.55913
9.55909
9.55913
9.55926
9.55936
9.55939
9.55947
9.5595
9.55952
9.5594
9.55927
9.55917
9.55907
9.55902
9.55902
9.55913
9.55921
9.55925
9.55931
9.55941
9.55949
9.5595
9.55937
9.55922
9.55914
9.55914
9.55921
9.55923
9.55929
9.55931
9.55935
9.55938
9.5594
9.55938
9.55932
9.55922
9.55911
9.55907
9.5591
9.55922
9.55931
9.55934
9.55935
9.55935
9.55939
9.55937
9.55928
9.55913
9.55907
9.55907
9.55908
9.55917
9.55931
9.55941
9.55945
9.55945
9.5595
9.55948
9.55936
9.55919
9.55911
9.55905
9.55907
9.55914
9.55926
9.55928
9.55933
9.55936
9.55942
9.5594
9.55931
9.55918
9.55908
9.55906
9.55908
9.55922
9.55934
9.55936
9.55934
9.55936
9.55942
9.55936
9.55931
9.55918
9.55909
9.55905
9.55909
9.55919
9.5593
9.55933
9.55939
9.55941
9.55945
9.55944
9.5594
9.5593
9.55922
9.55915
9.55918
9.55931
9.55939
9.55942
9.5595
9.5595
9.55944
9.55943
9.55944
9.55927
9.55906
9.559
9.55902
9.55914
9.55927
9.55933
9.55941
9.55945
9.55944
9.5594
9.55939
9.55929
9.55912
9.55905
9.55913
9.55919
9.55926
9.55938
9.55945
9.55947
9.5594
9.55933
9.55924
9.55912
9.55908
9.55907
9.5592
9.55923
9.55929
9.55935
9.55941
9.55942
9.55937
9.55931
9.55923
9.55914
9.55906
9.55904
9.55913
9.55919
9.55928
9.55931
9.55937
9.55945
9.55948
9.55945
9.5594
9.55935
9.55922
9.55914
9.55917
9.55921
9.55929
9.55932
9.55938
9.55942
9.55943
9.55938
9.5594
9.55934
9.55919
9.55915
9.55919
9.55928
9.55932
9.55934
9.55942
9.55944
9.55941
9.55934
9.55931
9.55926
9.55912
9.559
9.55906
9.55915
9.55922
9.55935
9.55943
9.5595
9.55947
9.55943
9.55933
9.55925
9.55918
9.5591
9.55915
9.55924
9.55933
9.55938
9.5594
9.55946
9.55946
9.55939
9.55923
9.55915
9.5591
9.55908
9.5591
9.55922
9.5593
9.55933
9.55936
9.55943
9.55948
9.55945
9.55931
9.55918
9.55916
9.5591
9.55909
9.55919
9.55928
9.55932
9.55939
9.55944
9.55944
9.55942
9.55937
9.55927
9.55916
9.5591
9.55911
9.55921
9.55926
9.5593
9.55932
9.55936
9.55934
9.55931
9.55929
9.55919
9.55905
9.55906
9.55912
9.55917
9.55924
9.55933
9.55935
9.55939
9.55941
9.55935
9.55927
9.55916
9.55903
9.55902
9.55908
9.55913
9.55916
9.55925
9.55936
9.55938
9.55939
9.55933
9.55927
9.55915
9.55905
9.55894
9.55901
9.55912
9.5592
9.55925
9.55934
9.55941
9.55938
9.55933
9.55929
9.55918
9.55905
9.55908
9.55914
9.55923
9.5593
9.55934
9.55938
9.55941
9.55939
9.55931
9.55926
9.55919
9.55905
9.55902
9.55913
9.55922
9.55925
9.55934
9.55942
9.55946
9.55942
9.55943
9.55944
9.55936
9.55927
9.55919
9.55921
9.55926
9.55932
9.55937
9.55946
9.55948
9.55945
9.55942
9.55936
9.55924
9.5592
9.5592
9.55924
9.55929
9.55934
9.55943
9.55951
9.55954
9.55955
9.55948
9.55932
9.55915
9.55908
9.55908
9.5591
9.55916
9.55925
9.55933
9.55939
9.55947
9.55947
9.55942
9.55936
9.55927
9.55911
9.55911
9.55916
9.55924
9.55925
9.55928
9.5593
9.55932
9.55933
9.55932
9.55922
9.55908
9.55899
9.55897
9.55907
9.55909
9.55911
9.55924
9.55933
9.55939
9.55937
9.55933
9.55928
9.55923
9.55914
9.55906
9.55914
9.55919
9.55925
9.55928
9.55929
9.55938
9.55941
9.55938
9.55923
9.55913
9.55908
9.55911
9.55917
9.5592
9.55926
9.55927
9.55939
9.55944
9.55951
9.55942
9.5593
9.55916
9.55911
9.55909
9.55906
9.55918
9.55923
9.55927
9.55933
9.55941
9.55943
9.55944
9.55939
9.55922
9.55909
9.55903
9.55906
9.55916
9.55919
9.55923
9.55927
9.55931
9.55935
9.55937
9.55932
9.55918
9.55908
9.559
9.559
9.5591
9.55921
9.55927
9.55932
9.55936
9.55938
9.55937
9.55933
9.55922
9.55912
9.55904
9.55908
9.55918
9.55925
9.55934
9.5594
9.55943
9.55941
9.55941
9.55933
9.55915
9.55901
9.55894
9.55899
9.55906
9.55912
9.55923
9.5593
9.55939
9.55945
9.55944
9.55932
9.55922
9.55916
9.55913
9.55917
9.55924
9.55935
9.55941
9.55943
9.55946
9.55947
9.55936
9.5592
9.55912
9.559
9.55895
9.55898
9.5591
9.55918
9.55925
9.55935
9.55941
9.55943
9.55942
9.55941
9.55933
9.55919
9.55914
9.55915
9.55927
9.55931
9.55932
9.55936
9.55942
9.55945
9.55944
9.55935
9.55917
9.55901
9.55895
9.559
9.55903
9.55914
9.55928
9.55937
9.55946
9.55948
9.55945
9.55934
9.55921
9.55909
9.55901
9.55904
9.55916
9.55929
9.55936
9.55937
9.55941
9.55945
9.55935
9.55925
9.55917
9.55908
9.55905
9.55915
9.5593
9.55936
9.55939
9.55941
9.55943
9.55947
9.55937
9.55928
9.55917
9.55907
9.55901
9.55908
9.55924
9.5593
9.55935
9.55944
9.55948
9.5595
9.55945
9.5594
9.55929
9.55915
9.55906
9.55909
9.55922
9.55926
9.55932
9.55936
9.55942
9.55942
9.55937
9.55929
9.55919
9.5591
9.55908
9.5591
9.55915
9.55925
9.55935
9.5594
9.55942
9.55943
9.55936
9.55932
9.55919
9.55906
9.55906
9.5591
9.55917
9.55927
9.55932
9.55938
9.55939
9.55939
9.55935
9.55932
9.55918
9.55907
9.55904
9.55912
9.55921
9.55926
9.55932
9.55939
9.55944
9.55941
9.55933
9.5593
9.55921
9.5591
9.55905
9.55908
9.55915
9.55921
9.55931
9.55939
9.55944
9.55948
9.55942
9.55932
9.55922
9.55913
9.55905
9.5591
9.55916
9.55917
9.55926
9.55936
9.5594
9.55938
9.55935
9.55928
9.55916
9.55903
9.55899
9.55911
9.55916
9.55921
9.55927
9.55933
9.55936
9.55941
9.55942
9.55934
9.55921
9.55908
9.55903
9.55913
9.55917
9.55923
9.5593
9.55938
9.55942
9.55943
9.55937
9.55934
9.55931
9.55921
9.55908
9.55911
9.55923
9.55937
9.55941
9.55948
9.55949
9.55946
9.55944
9.55939
9.55929
9.55921
9.55914
9.55918
9.55928
9.55936
9.55943
9.55949
9.55951
9.55951
9.55951
9.55937
9.55923
9.55915
9.5591
9.55914
9.55919
9.5593
9.5594
9.55942
9.55943
9.55945
9.55947
9.55934
9.55923
9.55912
9.55909
9.55909
9.55916
9.55927
9.55935
9.5594
9.55944
9.55943
9.55937
9.55932
9.55923
9.5591
9.55907
9.55907
9.55914
9.5592
9.55929
9.55934
9.55938
9.55941
9.5594
9.55933
9.55918
9.5591
9.55907
9.55916
9.55921
9.55928
9.55939
9.55945
9.55948
9.55943
9.55943
9.55939
9.55924
9.5591
9.55902
9.55913
9.5592
9.5593
9.55934
9.55941
9.55942
9.55939
9.55935
9.5593
9.55921
9.55908
9.55905
9.55914
9.55918
9.55927
9.55941
9.55947
9.55947
9.55937
9.55936
9.55935
9.55924
9.55911
9.55904
9.55912
9.55913
9.55923
9.55932
9.55939
9.55945
9.55942
9.5594
9.55932
9.55923
9.55908
9.55908
9.55905
9.55903
9.55913
9.55927
9.55934
9.55939
9.55938
9.55931
9.55925
9.5591
9.55902
9.55898
9.55902
9.5591
9.55921
9.5593
9.55936
9.55939
9.5594
9.55938
9.55928
9.55913
9.55903
9.55904
9.55913
9.55917
9.55924
9.55934
9.55939
9.55936
9.5593
9.55931
9.55924
9.55912
9.55901
9.559
9.55906
9.55913
9.55927
9.55934
9.55941
9.55946
9.55951
9.55946
9.55936
9.55928
9.5592
9.55914
9.55916
9.55916
9.55924
9.55926
9.55938
9.55939
9.55934
9.55936
9.55934
9.5592
9.55912
9.5591
9.55912
9.55922
9.55928
9.55931
9.55937
9.5594
9.55939
9.55937
9.55928
9.55916
9.55906
9.55901
9.55904
9.55906
9.55917
9.55929
9.55931
9.55935
9.55936
9.55935
9.55924
9.55915
9.55902
9.55902
9.55901
9.55906
9.55919
9.55927
9.55932
9.55936
9.55939
9.55934
9.55931
9.55922
9.55909
9.55907
9.55912
9.55919
9.55924
9.5593
9.55934
9.55935
9.55933
9.55927
9.55925
9.55922
9.55909
9.55904
9.55911
9.55918
9.55925
9.55938
9.55946
9.5595
9.55947
9.5594
9.55934
9.55929
9.55917
9.55906
9.55906
9.55915
9.55917
9.55924
9.55935
9.5594
9.55942
9.55936
9.55925
9.55916
9.55911
9.55908
9.55914
9.5592
9.55925
9.55932
9.5594
9.55947
9.5595
9.55941
9.55924
9.55916
9.5591
9.55907
9.55907
9.55913
9.55924
9.55929
9.55932
9.55941
9.55944
9.55935
9.55926
9.55924
9.55912
9.55905
9.55911
9.55925
9.55928
9.55929
9.55932
9.55938
9.5594
9.5594
9.55935
9.55925
9.55918
9.55914
9.55918
9.55926
9.55929
9.55932
9.55936
9.55939
9.55938
9.55934
9.55928
9.55916
9.55906
9.55896
9.559
9.55911
9.55919
9.55931
9.55944
9.55951
9.55953
9.5595
9.55944
9.55932
9.55919
9.55914
9.55913
9.55918
9.55924
9.55934
9.55937
9.55937
9.55942
9.55942
9.55929
9.55916
9.55906
9.55905
9.55915
9.5592
9.55929
9.55938
9.55942
9.55945
9.5595
9.55951
9.55936
9.55924
9.55916
9.55907
9.55912
9.5592
9.5593
9.55934
9.55935
9.55937
9.5594
9.55943
9.55931
9.55918
9.55908
9.55905
9.55906
9.55922
9.55935
9.55938
9.55939
9.55941
9.55945
9.55939
9.55934
9.55921
9.5591
9.55901
9.55904
9.55922
9.55934
9.55938
9.55939
9.5594
9.55941
9.55938
9.55931
9.55919
9.55905
9.55896
9.55905
9.55913
9.5592
9.55931
9.55934
9.55939
9.55939
9.55943
9.55932
9.55917
9.55906
9.55905
9.55911
9.55911
9.55919
9.5593
9.55936
9.55939
9.55939
9.55932
9.55929
9.55922
9.55913
9.5591
9.55916
9.55919
9.55926
9.55938
9.55944
9.55939
9.5593
9.55928
9.55927
9.55912
9.55898
9.55892
9.55901
9.55907
9.55919
9.55931
9.55945
9.55947
9.55944
9.5594
9.55936
9.55925
9.5591
9.55907
9.55908
9.55913
9.55924
9.55928
9.55934
9.55934
9.5593
9.55922
9.55919
9.55907
9.55892
9.55893
9.55896
9.55902
9.55913
9.55927
9.55938
9.55943
9.55943
9.55938
9.55932
9.5592
9.55909
9.559
9.55904
9.55909
9.55915
9.55926
9.55934
9.5594
9.55935
9.5593
9.5592
9.55913
9.55915
9.55916
9.55922
9.55927
9.55935
9.55939
9.55941
9.55944
9.55942
9.55934
9.55921
9.55912
9.55904
9.55908
9.55915
9.55921
9.55926
9.55931
9.55936
9.55945
9.5595
9.55951
9.55944
9.55932
9.55918
9.55911
9.55913
9.55916
9.55923
9.55926
9.5593
9.55936
9.55943
9.55943
9.55934
9.5592
9.55914
9.55911
9.55911
9.55918
9.55927
9.55933
9.55937
9.55941
9.55942
9.55939
9.55932
9.55919
9.55908
9.55903
9.55908
9.55919
9.55931
9.55935
9.55937
9.55943
9.55946
9.55941
9.55938
9.55933
9.55925
9.55917
9.5592
9.55931
9.55941
9.55945
9.55946
9.55946
9.55944
9.55944
9.55935
9.55923
9.55912
9.55908
9.55916
9.55924
9.55925
9.55934
9.55949
9.55955
9.55954
9.55952
9.55945
9.55937
9.55926
9.55918
9.55912
9.55922
9.55926
9.55935
9.55937
9.55941
9.55944
9.55939
9.55927
9.55921
9.55911
9.55907
9.55914
9.55918
9.55925
9.55936
9.5594
9.55941
9.55946
9.5594
9.55922
9.55911
9.55907
9.55903
9.55909
9.55918
9.5593
9.55937
9.55946
9.55948
9.55947
9.55946
9.55941
9.55928
9.55917
9.55908
9.55908
9.55919
9.55932
9.55936
9.55937
9.5594
9.55941
9.55941
9.55931
9.55925
9.55914
9.55913
9.55913
9.55917
9.5593
9.55942
9.55946
9.55945
9.55943
9.55933
9.55924
9.55922
9.55916
9.55916
9.55916
9.5592
9.55926
9.55936
9.55942
9.55946
9.55946
9.55937
9.55926
9.55915
9.55908
9.5591
9.55909
9.55914
9.55919
9.55928
9.5594
9.55945
9.55949
9.55946
9.5594
9.55926
9.55922
9.55918
9.5592
9.55933
9.55939
9.55943
9.55944
9.55948
9.55948
