9.58746
9.58752
9.5876
9.58761
9.58757
9.58748
9.58737
9.58726
9.58728
9.58734
9.58738
9.58738
9.58745
9.58753
9.58756
9.5876
9.5876
9.58755
9.58744
9.58735
9.58734
9.5874
9.58744
9.58747
9.58751
9.58755
9.58759
9.58755
9.58752
9.58743
9.58737
9.58723
9.58715
9.58723
9.58733
9.58741
9.58749
9.58753
9.58762
9.58765
9.58763
9.58749
9.58743
9.58732
9.58723
9.58732
9.58738
9.58743
9.58748
9.58752
9.58757
9.58755
9.58749
9.58737
9.58733
9.5873
9.58726
9.5873
9.58742
9.58752
9.58755
9.58762
9.58766
9.58768
9.58756
9.58743
9.58734
9.58724
9.58719
9.58719
9.5873
9.58738
9.58741
9.58747
9.58757
9.58765
9.58765
9.58753
9.58739
9.58731
9.58731
9.58737
9.5874
9.58746
9.58747
9.58751
9.58754
9.58756
9.58754
9.58749
9.58739
9.58728
9.58724
9.58727
9.58739
9.58747
9.5875
9.58751
9.58752
9.58755
9.58753
9.58744
9.5873
9.58724
9.58724
9.58725
9.58734
9.58747
9.58757
9.58761
9.58761
9.58765
9.58764
9.58752
9.58736
9.58728
9.58722
9.58724
9.58731
9.58743
9.58745
9.58749
9.58752
9.58758
9.58756
9.58747
9.58734
9.58725
9.58723
9.58725
9.58739
9.58751
9.58752
9.5875
9.58752
9.58758
9.58753
9.58748
9.58735
9.58726
9.58722
9.58726
9.58736
9.58747
9.5875
9.58755
9.58757
9.58761
9.5876
9.58756
9.58746
9.58738
9.58732
9.58735
9.58747
9.58755
9.58758
9.58766
9.58766
9.5876
9.58759
9.5876
9.58743
9.58723
9.58718
9.5872
9.58731
9.58744
9.58749
9.58757
9.58761
9.5876
9.58756
9.58756
9.58745
9.58729
9.58722
9.58729
9.58736
9.58743
9.58755
9.58761
9.58763
9.58756
9.5875
9.5874
9.58729
9.58725
9.58724
9.58737
9.58739
9.58745
9.58751
9.58757
9.58758
9.58753
9.58748
9.5874
9.5873
9.58723
9.58721
9.58729
9.58736
9.58745
9.58747
9.58753
9.58761
9.58764
9.58761
9.58756
9.58751
9.58738
9.58731
9.58733
9.58738
9.58746
9.58748
9.58754
9.58758
9.58759
9.58754
9.58757
9.58751
9.58736
9.58732
9.58736
9.58744
9.58748
9.5875
9.58758
9.5876
9.58758
9.5875
9.58748
9.58743
9.58729
9.58718
9.58723
9.58732
9.58739
9.58751
9.58759
9.58766
9.58763
9.58759
9.58749
9.58742
9.58735
9.58727
9.58732
9.5874
9.58749
9.58754
9.58756
9.58762
9.58762
9.58755
9.5874
9.58732
9.58727
9.58725
9.58727
9.58739
9.58747
9.5875
9.58752
9.58759
9.58764
9.58761
9.58747
9.58735
9.58733
9.58727
9.58726
9.58736
9.58744
9.58748
9.58756
9.5876
9.5876
9.58758
9.58753
9.58743
9.58733
9.58727
9.58728
9.58737
9.58742
9.58746
9.58748
9.58752
9.5875
9.58748
9.58745
9.58736
9.58722
9.58723
9.58729
9.58733
9.5874
9.58749
9.58751
9.58755
9.58757
9.58751
9.58744
9.58733
9.5872
9.58719
9.58725
9.5873
9.58733
9.58742
9.58753
9.58754
9.58755
9.58749
9.58744
9.58732
9.58722
9.58711
9.58718
9.58729
9.58737
9.58741
9.5875
9.58757
9.58755
9.5875
9.58746
9.58735
9.58722
9.58725
9.58731
9.5874
9.58746
9.5875
9.58754
9.58757
9.58755
9.58747
9.58743
9.58736
9.58722
9.58719
9.5873
9.58738
9.58742
9.58751
9.58758
9.58762
9.58758
9.58759
9.5876
9.58752
9.58744
9.58735
9.58738
9.58743
9.58748
9.58753
9.58762
9.58764
9.58761
9.58758
9.58752
9.58741
9.58737
9.58737
9.5874
9.58745
9.58751
9.58759
9.58767
9.5877
9.58771
9.58764
9.58749
9.58732
9.58725
9.58725
9.58727
9.58733
9.58742
9.58749
9.58755
9.58763
9.58763
9.58758
9.58753
9.58744
9.58728
9.58728
9.58732
9.58741
9.58741
9.58745
9.58746
9.58749
9.5875
9.58748
9.58739
9.58725
9.58716
9.58715
9.58724
9.58726
9.58728
9.58741
9.58749
9.58755
9.58753
9.58749
9.58744
9.58739
9.58731
9.58723
9.58731
9.58735
9.58742
9.58744
9.58746
9.58754
9.58757
9.58754
9.58739
9.5873
9.58725
9.58728
9.58734
9.58737
9.58742
9.58743
9.58755
9.5876
9.58767
9.58758
9.58746
9.58733
9.58728
9.58726
9.58723
9.58735
9.58739
9.58743
9.58749
9.58757
9.58759
9.5876
9.58755
9.58739
9.58726
9.58721
9.58723
9.58733
9.58736
9.58739
9.58743
9.58748
9.58751
9.58753
9.58748
9.58735
9.58725
9.58717
9.58718
9.58727
9.58738
9.58743
9.58748
9.58752
9.58754
9.58753
9.5875
9.58739
9.58729
9.58721
9.58725
9.58735
9.58742
9.5875
9.58756
9.58759
9.58757
9.58757
9.58749
9.58732
9.58718
9.58711
9.58716
9.58723
9.58729
9.5874
9.58746
9.58755
9.58761
9.5876
9.58748
9.58738
9.58733
9.5873
9.58734
9.5874
9.58751
9.58757
9.58759
9.58762
9.58763
9.58752
9.58737
9.58729
9.58718
9.58712
9.58715
9.58727
9.58735
9.58741
9.58751
9.58757
9.58759
9.58758
9.58757
9.58749
9.58735
9.5873
9.58732
9.58744
9.58748
9.58749
9.58752
9.58758
9.58761
9.5876
9.58751
9.58734
9.58718
9.58712
9.58718
9.5872
9.58731
9.58745
9.58754
9.58762
9.58764
9.58761
9.58751
9.58737
9.58728
9.58727
9.58725
9.58722
9.58736
9.5875
9.58756
9.58749
9.58735
9.58747
9.58766
9.58767
9.58759
9.58764
9.5877
9.58781
9.5878
9.5878
9.58773
9.58767
9.58756
9.58753
9.58753
9.58731
9.58716
9.58718
9.58721
9.58717
9.5872
9.58753
9.58784
9.58795
9.58799
9.58802
9.58798
9.58782
9.58761
9.58748
9.5874
9.5874
9.58736
9.58745
9.58752
9.58758
9.58758
9.58753
9.58745
9.58736
9.58727
9.58725
9.58727
9.58732
9.58742
9.58752
9.58756
9.58758
9.58759
9.58752
9.58748
9.58736
9.58723
9.58723
9.58727
9.58734
9.58743
9.58748
9.58754
9.58755
9.58755
9.58751
9.58748
9.58735
9.58724
9.58721
9.58729
9.58738
9.58742
9.58749
9.58755
9.5876
9.58757
9.5875
9.58746
9.58737
9.58727
9.58723
9.58725
9.58732
9.58738
9.58747
9.58755
9.5876
9.58764
9.58758
9.58748
9.58738
9.5873
9.58722
9.58727
9.58733
9.58734
9.58743
9.58752
9.58756
9.58755
9.58751
9.58745
9.58733
9.5872
9.58716
9.58728
9.58733
9.58738
9.58743
9.58749
9.58752
9.58757
9.58758
9.5875
9.58737
9.58725
9.5872
9.5873
9.58734
9.5874
9.58746
9.58754
9.58758
9.58759
9.58754
9.5875
9.58747
9.58738
9.58725
9.58728
9.58734
9.58743
9.58759
9.58777
9.58778
9.5877
9.58758
9.5875
9.58739
9.58731
9.5873
9.58729
9.58713
9.58707
9.58715
9.58727
9.58729
9.58734
9.58734
9.58728
9.58716
9.58712
9.58732
9.58752
9.58747
9.58749
9.58753
9.58756
9.58757
9.58752
9.58756
9.5875
9.58715
9.58681
9.58683
9.58687
9.58694
9.58704
9.58716
9.58727
9.58741
9.58747
9.5875
9.58755
9.58742
9.58727
9.58724
9.58724
9.58731
9.58737
9.58746
9.5875
9.58754
9.58757
9.58756
9.58749
9.58735
9.58727
9.58724
9.58733
9.58738
9.58744
9.58755
9.58761
9.58764
9.58759
9.58759
9.58755
9.58741
9.58727
9.58719
9.5873
9.58737
9.58746
9.58751
9.58757
9.58758
9.58755
9.58752
9.58746
9.58737
9.58725
9.58722
9.58731
9.58735
9.58743
9.58757
9.58763
9.58763
9.58753
9.58752
9.58751
9.5874
9.58727
9.58721
9.58729
9.5873
9.5874
9.58748
9.58755
9.58761
9.58759
9.58756
9.58749
9.5874
9.58725
9.58725
9.58722
9.5872
9.5873
9.58744
9.58751
9.58755
9.58754
9.58747
9.58741
9.58727
9.58719
9.58715
9.58719
9.58727
9.58738
9.58746
9.58752
9.58755
9.58756
9.58754
9.58745
9.58729
9.5872
9.58722
9.58729
9.58734
9.58741
9.58751
9.58755
9.58752
9.58746
9.58747
9.58741
9.58729
9.58718
9.58717
9.58723
9.5873
9.58744
9.58751
9.58758
9.58762
9.58767
9.58762
9.58753
9.58745
9.58737
9.58731
9.58733
9.58733
9.5874
9.58743
9.58754
9.58755
9.5875
9.58752
9.5875
9.58737
9.58729
9.58727
9.58729
9.58739
9.58744
9.58747
9.58753
9.58756
9.58755
9.58753
9.58745
9.58733
9.58723
9.58718
9.58721
9.58723
9.58734
9.58745
9.58747
9.58751
9.58752
9.58751
9.58741
9.58732
9.58719
9.58719
9.58718
9.58723
9.58736
9.58743
9.58749
9.58752
9.58755
9.5875
9.58748
9.58739
9.58726
9.58724
9.58729
9.58736
9.58741
9.58747
9.5875
9.58751
9.58749
9.58743
9.58741
9.58739
9.58726
9.58721
9.58728
9.58735
9.58742
9.58754
9.58762
9.58766
9.58763
9.58756
9.58751
9.58746
9.58734
9.58723
9.58723
9.58732
9.58734
9.5874
9.58752
9.58757
9.58758
9.58752
9.58742
9.58733
9.58728
9.58725
9.58731
9.58736
9.58741
9.58748
9.58756
9.58763
9.58766
9.58757
9.5874
9.58733
9.58727
9.58724
9.58724
9.5873
9.5874
9.58745
9.58748
9.58757
9.5876
9.58752
9.58742
9.58741
9.58729
9.58722
9.58728
9.58742
9.58745
9.58746
9.58748
9.58754
9.58757
9.58756
9.58752
9.58742
9.58734
9.58731
9.58735
9.58742
9.58745
9.58748
9.58753
9.58755
9.58754
9.5875
9.58744
9.58733
9.58723
9.58714
9.58717
9.58728
9.58736
9.58747
9.5876
9.58767
9.58769
9.58766
9.5876
9.58748
9.58736
9.58731
9.5873
9.58734
9.5874
9.5875
9.58754
9.58753
9.58758
9.58758
9.58745
9.58732
9.58723
9.58722
9.58731
9.58737
9.58745
9.58754
9.58758
9.58761
9.58766
9.58767
9.58753
9.58741
9.58732
9.58724
9.58729
9.58737
9.58746
9.5875
9.58752
9.58753
9.58756
9.58759
9.58747
9.58735
9.58725
9.58722
9.58723
9.58739
9.58751
9.58754
9.58755
9.58757
9.58761
9.58755
9.5875
9.58737
9.58727
9.58718
9.58721
9.58739
9.5875
9.58754
9.58756
9.58756
9.58757
9.58754
9.58748
9.58736
9.58722
9.58713
9.58722
9.5873
9.58736
9.58747
9.58751
9.58755
9.58755
9.58759
9.58748
9.58734
9.58723
9.58722
9.58728
9.58728
9.58736
9.58746
9.58752
9.58756
9.58755
9.58748
9.58745
9.58738
9.5873
9.58727
9.58733
9.58736
9.58742
9.58754
9.5876
9.58755
9.58746
9.58744
9.58743
9.58729
9.58716
9.5871
9.58718
9.58724
9.58736
9.58748
9.58761
9.58763
9.5876
9.58756
9.5876
9.58756
9.58726
9.58707
9.58714
9.58722
9.58724
9.58724
9.58754
9.58779
9.58785
9.58784
9.58785
9.58777
9.58753
9.58743
9.58738
9.58735
9.58734
9.58739
9.58758
9.58773
9.58756
9.58737
9.58735
9.58728
9.58714
9.58696
9.58728
9.5876
9.5877
9.58786
9.58798
9.58808
9.58791
9.58777
9.58757
9.58742
9.58735
9.58725
9.58736
9.58743
9.58751
9.58755
9.58757
9.5876
9.58758
9.5875
9.58738
9.58729
9.58721
9.58725
9.58732
9.58737
9.58743
9.58747
9.58752
9.58761
9.58766
9.58766
9.5876
9.58748
9.58734
9.58728
9.5873
9.58733
9.5874
9.58742
9.58747
9.58752
9.58759
9.58759
9.5875
9.58737
9.58731
9.58728
9.58728
9.58734
9.58743
9.5875
9.58753
9.58757
9.58758
9.58755
9.58748
9.58736
9.58725
9.58721
9.58725
9.58735
9.58748
9.58752
9.58753
9.58759
9.58762
9.58757
9.58754
9.58749
9.58742
9.58734
9.58737
9.58747
9.58757
9.58761
9.58762
9.58762
9.5876
9.5876
9.58752
9.5874
9.58729
9.58725
9.58733
9.5874
9.58741
9.5875
9.58765
9.5877
9.5877
9.58768
9.58761
9.58753
9.58742
9.58735
9.58729
9.58739
9.58743
9.58751
9.58753
9.58757
9.5876
9.58756
9.58744
9.58737
9.58728
9.58724
9.58731
9.58734
9.58741
9.58752
9.58756
9.58757
9.58762
9.58756
9.58739
9.58728
9.58724
9.5872
9.58726
9.58735
9.58747
9.58753
9.58762
9.58764
9.58763
9.58762
9.58757
9.58745
9.58733
9.58725
9.58725
9.58736
9.58748
9.58752
9.58753
9.58756
9.58757
9.58757
9.58748
9.58742
9.58731
9.5873
9.5873
9.58734
9.58747
9.58758
9.58762
9.58761
9.58759
9.58749
9.58741
9.58738
9.58733
9.58733
9.58733
9.58737
9.58742
9.58753
9.58758
9.58762
9.58762
9.58753
9.58742
9.58732
9.58725
9.58727
9.58726
9.58731
9.58735
9.58744
9.58757
9.58761
9.58765
9.58762
9.58756
9.58743
9.58739
9.58734
9.58736
9.58749
9.58755
9.58759
9.5876
9.58764
9.58764
