56844.7
56844.3
56844.2
56843.9
56843.7
56843.7
56843.7
56843.5
56843.4
56843.3
56843.2
56843.1
56842.7
56842.3
56842.1
56842
56841.8
56841.6
56841.6
56841.7
56841.8
56842
56842
56842
56842.3
56842.6
56842.9
56843.1
56843.2
56843.6
56844.1
56844.3
56844.4
56844.4
56844.1
56843.8
56843.6
56843.4
56842.9
56841.9
56841.2
56840.9
56840.8
56840.6
56840.9
56841.7
56842.9
56844.2
56845.3
56846.4
56847.3
56847.7
56847.8
56847.9
56847.7
56847.3
56846.8
56846.5
56846
56844.9
56843.9
56843.5
56843.1
56842.4
56841.8
56842.1
56843.1
56844.4
56845.6
56847.1
56848.5
56849.4
56849.8
56850.1
56850.2
56849.8
56849.1
56848.4
56847.9
56847.4
56847
56846.7
56846.2
56845.1
56844.3
56844
56843.6
56842.7
56842.2
56843
56843.7
56844.7
56846.5
56848
56849
56849.4
56849.6
56849.5
56849.2
56848.4
56847.6
56847
56846.5
56846.1
56846
56845.9
56845.5
56844.2
56843.1
56843
56842.6
56841.5
56841.7
56842.8
56843.7
56844.5
56845.2
56846.3
56846.9
56847.1
56846.9
56846.9
56846.7
56846
56845.6
56845.3
56845
56844.6
56844.1
56844
56843.6
56842.7
56842
56841.7
56841.5
56841.1
56840.7
56841.1
56842.1
56842.9
56843.6
56844.6
56845.7
56846.1
56846.2
56846.2
56846.1
56845.7
56845.2
56844.7
56844.4
56844
56843.6
56843.5
56843.2
56842.4
56841.7
56841.3
56841.4
56841.4
56841.3
56841.6
56842.5
56843.1
56843.5
56843.9
56844.3
56844.4
56844.2
56844.1
56844
56844
56843.7
56843.5
56843.4
56843.4
56843.3
56843.2
56843
56842.9
56842.6
56842.3
56842.1
56841.9
56841.6
56841.4
56841.3
56841.4
56841.5
56841.7
56842
56842.4
56842.8
56842.9
56843
56843.3
56843.5
56843.6
56843.8
56844
56844
56843.8
56843.6
56843.4
56843.1
56842.8
56842.1
56841.2
56840.6
56840.4
56840.6
56840.9
56841.4
56842.2
56843.1
56844
56844.6
56845.3
56845.6
56845.6
56845.4
56845.1
56844.9
56844.5
56844.2
56844
56843.5
56842.5
56841.9
56841.8
56841.5
56841.1
56840.9
56841.1
56841.9
56842.7
56843.4
56844.7
56845.8
56846.5
56846.8
56847.2
56847.2
56846.9
56846.3
56845.8
56845.4
56845.1
56844.6
56844.5
56844
56843.1
56842.8
56842.6
56842
56841
56840.5
56841.1
56842.4
56843.4
56844.4
56845.8
56846.9
56847.4
56847.7
56848.1
56848
56847.6
56846.9
56846.5
56846.2
56845.9
56845.7
56845.6
56845
56843.6
56842.8
56842.5
56842.1
56841.5
56841.2
56841.8
56842.7
56843.6
56844.8
56846.3
56847.4
56847.8
56848.1
56848.3
56848.2
56847.8
56847.2
56846.8
56846.5
56846.1
56845.9
56845.9
56845.2
56844.2
56843.7
56843.4
56842.7
56841.9
56842.2
56843.1
56844
56844.9
56845.9
56847.2
56847.9
56848.3
56848.2
56848.2
56847.8
56847.3
56846.8
56846.5
56846.2
56845.8
56845.5
56845.4
56844.6
56843.5
56843.2
56843.1
56842.9
56842.7
56842.7
56843.3
56844
56844.4
56844.7
56845.1
56845.2
56845
56845
56844.9
56844.7
56844.4
56844.2
56844.1
56844.1
56844
56843.9
56843.7
56843.5
56843.3
56842.9
56842.6
56842.3
56842
56841.8
56841.6
56841.6
56841.8
56841.9
56842.2
56842.6
56843
56843.3
56843.6
56843.9
56844
56844.1
56844.2
56844.3
56844.3
56844.2
56843.9
56843.7
56843.4
56843.2
56842.9
56842.3
56841.4
56840.9
56840.7
56840.9
56841.2
56841.8
56842.7
56843.6
56844.4
56845.1
56845.7
56846
56845.9
56845.7
56845.5
56845.2
56844.8
56844.5
56844.4
56843.8
56842.8
56842.2
56842
56841.7
56841.1
56840.9
56841.5
56842.5
56843.3
56844.2
56845.5
56846.4
56846.7
56846.9
56847.1
56847
56846.5
56845.9
56845.5
56845.2
56844.7
56844.5
56844.4
56843.8
56842.8
56842.2
56842
56841.6
56841
56840.7
56841.5
56842.4
56843.1
56844
56845.2
56846.1
56846.6
56846.8
56846.8
56846.7
56846.3
56845.8
56845.5
56845.2
56844.8
56844.4
56844.2
56843.6
56842.7
56842.1
56841.8
56841.6
56840.9
56840.6
56841.3
56842.3
56843.1
56844
56845.2
56846.2
56846.7
56846.9
56847
56846.9
56846.4
56845.8
56845.5
56845.2
56844.7
56844.4
56844.3
56843.7
56842.7
56842.2
56842
56841.7
56841.1
56840.7
56841.6
56842.8
56843.7
56844.6
56845.7
56846.6
56846.9
56847.1
56847.2
56847.1
56846.6
56845.9
56845.5
56845.1
56844.7
56844.4
56844.2
56843.7
56842.8
56842.2
56841.9
56841.9
56841.9
56842
56842.7
56843.4
56844
56844.5
56845.1
56845.5
56845.5
56845.3
56845
56844.9
56844.6
56844.4
56844.3
56844.2
56844
56843.8
56843.6
56843.3
56843.1
56842.8
56842.4
56842.1
56841.9
56841.7
56841.5
56841.5
56841.7
56841.9
56842
56842.2
56842.6
56842.8
56843.1
56843.4
56843.6
56843.7
56843.8
56844
56843.9
56843.8
56843.6
56843.4
56843.2
56843
56842.8
56842.2
56841.3
56840.8
56840.8
56840.9
56841
56841.3
56842.2
56843.2
56844
56844.8
56845.4
56845.6
56845.5
56845.3
56845.1
56844.9
56844.5
56844.2
56844.1
56843.5
56842.5
56842.1
56842.1
56841.9
56841.2
56840.9
56841.6
56842.7
56843.4
56844.2
56845.3
56846.2
56846.5
56846.7
56846.9
56846.7
56846.2
56845.5
56845.1
56844.8
56844.5
56844.3
56844.2
56843.8
56842.8
56842.2
56842
56841.8
56841.2
56840.7
56841.5
56842.5
56843.2
56844.2
56845.2
56846.1
56846.4
56846.5
56846.5
56846.3
56845.7
56845.1
56844.8
56844.5
56844.2
56843.9
56843.8
56843.3
56842.3
56841.7
56841.5
56841.3
56840.5
56840.4
56841.3
56842.3
56843
56843.8
56844.9
56845.7
56845.9
56846
56845.9
56845.7
56845.2
56844.7
56844.3
56844
56843.7
56843.5
56843.6
56843
56842
56841.6
56841.5
56841.4
56840.8
56840.6
56841.5
56842.6
56843.3
56844
56844.9
56845.5
56845.7
56845.7
56845.5
56845.3
56844.8
56844.3
56844
56843.7
56843.5
56843.3
56843.2
56842.7
56841.9
56841.3
56841
56841.2
56841.2
56841.3
56841.8
56842.5
56843.1
56843.5
56843.8
56844
56843.8
56843.5
56843.2
56843.1
56842.8
56842.6
56842.5
56842.4
56842.4
56842.3
56842.1
56842
56841.8
56841.6
56841.4
56841.2
56841
56841
56840.8
56840.8
56841
56841.1
56841.2
56841.5
56841.7
56841.8
56841.9
56841.9
56842.2
56842.2
56842.3
56842.3
56842.2
56842.2
56842
56841.9
56841.7
56841.7
56841.5
56841.1
56840.7
56840.3
56840.2
56840.4
56840.5
56840.8
56841.3
56841.8
56842.5
56843
56843.3
56843.4
56843.2
56843.1
56842.9
56842.8
56842.5
56842.3
56842.3
56841.9
56841.3
56841
56840.8
56840.7
56840.3
56840.1
56840.7
56841.5
56842.1
56842.7
56843.4
56843.9
56844.1
56844.3
56844.1
56843.9
56843.4
56843
56842.8
56842.6
56842.3
56842.2
56842.1
56841.8
56841.3
56841
56840.9
56840.7
56840.4
56840.2
56840.8
56841.6
56842.1
56842.5
56843.1
56843.5
56843.6
56843.6
56843.4
56843.2
56842.8
56842.5
56842.3
56842.3
56842.1
56842
56842
56841.7
56841.1
56840.8
56840.7
56840.7
56840.4
56840.3
56840.7
56841.2
56841.6
56841.9
56842.4
56842.7
56842.7
56842.7
56842.6
56842.6
56842.3
56842.1
56842
56842
56841.8
56841.6
56841.6
56841.3
56840.9
56840.6
56840.5
56840.4
56840.1
56840
56840.4
56840.9
56841.2
56841.4
56841.6
56841.8
56841.7
56841.7
56841.6
56841.5
56841.3
56841.1
56841.1
56841.1
56841.1
56841
56840.9
56840.8
56840.6
56840.4
56840.3
56840.3
56840.2
56840.2
56840.3
56840.4
56840.5
56840.6
56840.8
56840.8
56840.9
56841
56841
56841
56841
56840.9
56841
56841.1
56841.1
56841.1
56841.1
56840.9
56840.7
56840.6
56840.6
56840.5
56840.5
56840.4
56840.4
56840.6
56840.8
56840.9
56841
56841
56841
56841
56841
56841.1
56841.1
56841.1
56841.1
56841.1
56841.2
56841.2
56841.2
56841.1
56841
56840.9
56840.8
56840.8
56840.7
56840.7
56840.5
56840.4
56840.4
56840.3
56840.3
56840.3
56840.3
56840.3
56840.5
56840.6
56840.7
56840.8
56840.9
56841
56841
56840.9
56840.9
56840.8
56840.6
56840.5
56840.3
56840.2
56840.1
56840
56839.9
56839.9
56840
56840
56840.1
56840.3
56840.4
56840.5
56840.6
56840.8
56840.9
56841
56841.1
56841.1
56841.1
56841
56840.9
56840.9
56840.8
56840.6
56840.4
56840.3
56840.2
56840.1
56840
56840.1
56840.2
56840.2
56840.4
56840.7
56840.9
56841
56841.1
56841.3
56841.3
56841.3
56841.4
56841.4
56841.4
56841.3
56841.2
56841.1
56841
56840.9
56840.7
56840.6
56840.4
56840.2
56840.3
56840.4
56840.5
56840.6
56840.8
56840.9
56841
56841.2
56841.3
56841.4
56841.4
56841.3
56841.4
56841.5
56841.4
56841.4
56841.3
56841.2
56841
56840.8
56840.7
56840.6
56840.4
56840.2
56840.2
56840.3
56840.4
56840.5
56840.6
56840.8
56840.9
56841
56841.2
56841.3
56841.3
56841.3
56841.3
56841.3
56841.2
56841.1
56841
56840.9
56840.8
56840.5
56840.4
56840.3
56840.3
56840.2
56840.2
56840.2
56840.3
56840.3
56840.4
56840.6
56840.7
56840.7
56840.8
56840.8
56840.9
56840.9
56840.9
56840.9
56841
56841
56840.9
56840.9
56840.8
56840.7
56840.6
56840.4
56840.2
56840.1
56840
56840
56840
56840.1
56840.2
56840.3
56840.5
56840.6
56840.8
56840.9
56841.1
56841.2
56841.3
56841.3
56841.3
56841.3
56841.2
56841.1
56841
56840.8
56840.7
56840.6
56840.4
56840.2
56840.2
56840.2
56840.2
56840.3
56840.4
56840.5
56840.7
56840.9
56841.1
56841.2
56841.4
56841.4
56841.5
56841.5
56841.5
56841.4
56841.4
56841.2
56841.1
56841
56840.9
56840.6
56840.2
56840
56839.9
56840
56840
56840.2
56840.7
56841.2
56841.7
56842
56842.2
56842.4
56842.4
56842.4
56842.2
56842.1
56841.9
56841.8
56841.7
56841.4
56841
56840.8
56840.7
56840.5
56840
56839.7
56839.9
56840.5
56841.1
56841.5
56842.2
56843.1
56843.6
56843.8
56844
56843.9
56843.6
56843.2
56842.9
56842.8
56842.5
56842.3
56842.2
56841.9
56841.3
56840.9
56840.8
56840.5
56840.1
56840
56840.5
56841.3
56841.9
56842.6
56843.5
56844.3
56844.6
56844.7
56844.8
56844.6
56844.2
56843.6
56843.4
56843.1
56842.8
56842.6
56842.6
56842.1
56841.4
56841.2
56841.1
56840.8
56840.2
56839.9
56840.5
56841.5
56842.1
56842.8
56843.8
56844.5
56844.8
56844.9
56845
56844.7
56844.2
56843.7
56843.3
56843.1
56842.8
56842.6
56842.6
56842.2
56841.5
56841
56840.8
56840.7
56840.6
56840.6
56841.2
56842.1
56842.7
56843.1
56843.5
56843.6
56843.5
56843.4
56843.3
56843.1
56842.8
56842.6
56842.7
56842.7
56842.7
56842.6
56842.5
56842.3
56842.1
56841.8
56841.5
56841.3
56841.1
56840.9
56840.8
56840.8
56840.9
56841.1
56841.3
56841.4
56841.7
56842
56842.3
56842.5
56842.7
56842.8
56842.9
56842.9
56842.9
56842.9
56842.8
56842.6
56842.4
56842.3
56842.1
56841.6
56840.9
56840.5
56840.3
56840.3
56840.5
56841.1
56841.8
56842.8
56843.6
56844.2
56844.8
56845
56844.9
56844.8
56844.6
56844.3
56843.9
56843.7
56843.6
56843
56842.2
56841.8
56841.5
56841.2
56840.7
56840.5
56841.1
56842.2
56843
56843.8
56845
56845.9
56846.3
56846.4
56846.5
56846.4
56845.9
56845.3
56845
56844.7
56844.4
56844
56843.9
56843.4
56842.5
56842
56841.8
56841.4
56840.8
56840.6
56841.2
56842.3
56843.1
56844
56845.1
56846
56846.3
56846.5
56846.6
56846.4
56845.9
56845.3
56844.9
56844.7
56844.3
56844
56843.9
56843.3
56842.4
56841.9
56841.6
56841.3
56840.6
56840.5
56841.3
56842.3
56843
56843.9
56845
56845.9
56846.3
56846.4
56846.4
56846.3
56845.8
