56814.1
56813.8
56813.6
56813.4
56813.2
56813.2
56813.2
56813
56812.9
56812.8
56812.8
56812.6
56812.3
56811.9
56811.7
56811.5
56811.4
56811.2
56811.2
56811.3
56811.4
56811.6
56811.6
56811.6
56811.8
56812.1
56812.4
56812.6
56812.7
56813.1
56813.5
56813.8
56813.8
56813.8
56813.6
56813.3
56813.1
56812.9
56812.4
56811.5
56810.8
56810.6
56810.4
56810.3
56810.5
56811.3
56812.4
56813.6
56814.7
56815.8
56816.6
56817
56817.1
56817.1
56817
56816.6
56816.1
56815.9
56815.3
56814.3
56813.3
56812.9
56812.6
56811.9
56811.4
56811.6
56812.6
56813.8
56815
56816.4
56817.7
56818.5
56818.9
56819.3
56819.3
56818.9
56818.2
56817.6
56817.1
56816.7
56816.3
56816
56815.6
56814.5
56813.8
56813.5
56813.1
56812.2
56811.8
56812.5
56813.2
56814.1
56815.8
56817.2
56818.2
56818.6
56818.7
56818.7
56818.4
56817.6
56816.9
56816.3
56815.9
56815.5
56815.3
56815.2
56814.8
56813.7
56812.6
56812.5
56812.2
56811.1
56811.3
56812.3
56813.1
56814
56814.6
56815.6
56816.2
56816.4
56816.2
56816.2
56816
56815.3
56814.9
56814.7
56814.4
56814
56813.6
56813.4
56813.1
56812.2
56811.6
56811.3
56811.1
56810.7
56810.4
56810.8
56811.7
56812.4
56813
56814.1
56815
56815.5
56815.6
56815.6
56815.5
56815.1
56814.6
56814.1
56813.9
56813.5
56813.1
56813
56812.7
56812
56811.3
56811
56811
56811.1
56810.9
56811.3
56812.1
56812.7
56813
56813.4
56813.8
56813.8
56813.7
56813.5
56813.5
56813.4
56813.2
56813
56812.9
56812.9
56812.9
56812.7
56812.6
56812.4
56812.2
56811.9
56811.7
56811.5
56811.2
56811
56810.9
56811
56811.1
56811.3
56811.6
56812
56812.3
56812.5
56812.6
56812.8
56813
56813.1
56813.3
56813.4
56813.4
56813.3
56813.1
56812.9
56812.7
56812.3
56811.7
56810.8
56810.3
56810.1
56810.3
56810.6
56811
56811.7
56812.7
56813.4
56814.1
56814.7
56815
56814.9
56814.8
56814.5
56814.3
56814
56813.6
56813.5
56813
56812.1
56811.5
56811.4
56811.1
56810.7
56810.6
56810.7
56811.5
56812.2
56812.9
56814.1
56815.2
56815.8
56816.2
56816.5
56816.5
56816.2
56815.6
56815.1
56814.8
56814.5
56814.1
56814
56813.5
56812.6
56812.3
56812.2
56811.6
56810.7
56810.2
56810.7
56811.9
56812.9
56813.9
56815.2
56816.2
56816.7
56817
56817.3
56817.3
56816.9
56816.2
56815.8
56815.6
56815.3
56815.1
56815
56814.4
56813.1
56812.3
56812.1
56811.7
56811.1
56810.8
56811.4
56812.2
56813.1
56814.2
56815.6
56816.7
56817.1
56817.3
56817.5
56817.4
56817.1
56816.5
56816.1
56815.8
56815.5
56815.2
56815.2
56814.6
56813.6
56813.2
56812.9
56812.2
56811.5
56811.7
56812.6
56813.5
56814.3
56815.2
56816.4
56817.1
56817.5
56817.4
56817.4
56817.1
56816.6
56816.1
56815.8
56815.5
56815.1
56814.9
56814.8
56814
56813
56812.7
56812.6
56812.5
56812.2
56812.3
56812.8
56813.4
56813.9
56814.1
56814.5
56814.6
56814.4
56814.4
56814.3
56814.1
56813.8
56813.6
56813.6
56813.6
56813.5
56813.4
56813.2
56813
56812.8
56812.4
56812.2
56811.9
56811.6
56811.4
56811.2
56811.2
56811.4
56811.5
56811.8
56812.1
56812.5
56812.8
56813.1
56813.4
56813.5
56813.6
56813.7
56813.8
56813.8
56813.6
56813.4
56813.2
56812.9
56812.7
56812.5
56811.8
56811
56810.5
56810.4
56810.5
56810.8
56811.4
56812.2
56813.1
56813.8
56814.5
56815
56815.3
56815.2
56815
56814.8
56814.6
56814.2
56814
56813.9
56813.3
56812.3
56811.8
56811.6
56811.3
56810.7
56810.6
56811.1
56812
56812.8
56813.7
56814.8
56815.7
56816
56816.2
56816.4
56816.3
56815.8
56815.3
56814.9
56814.6
56814.2
56813.9
56813.8
56813.3
56812.4
56811.8
56811.5
56811.2
56810.6
56810.4
56811.1
56812
56812.6
56813.5
56814.6
56815.5
56815.9
56816.1
56816.1
56816
56815.7
56815.2
56814.8
56814.6
56814.2
56813.9
56813.7
56813.1
56812.3
56811.7
56811.4
56811.2
56810.5
56810.3
56811
56811.9
56812.6
56813.5
56814.6
56815.5
56816
56816.2
56816.3
56816.2
56815.7
56815.2
56814.9
56814.6
56814.2
56813.9
56813.8
56813.2
56812.3
56811.7
56811.5
56811.3
56810.7
56810.4
56811.2
56812.3
56813.1
56814
56815.1
56815.9
56816.2
56816.4
56816.5
56816.4
56815.9
56815.2
56814.9
56814.5
56814.1
56813.8
56813.7
56813.9
56813.7
56811.6
56809.8
56810.2
56810.4
56811
56812
56812.8
56813.5
56816.2
56819.1
56820
56820.4
56819.5
56818.5
56817.7
56816.7
56815.6
56814.8
56814.9
56814.6
56812.7
56810.8
56811.1
56811.3
56811.5
56811.8
56811.8
56811.6
56814.3
56817.3
56818.1
56818.8
56818
56817.2
56816.4
56815.7
56814.9
56814
56813.3
56812.4
56812.8
56813.3
56813.4
56813.4
56813.3
56813.1
56812.9
56812.7
56812.6
56812.4
56811.7
56810.9
56810.5
56810.4
56810.5
56810.6
56811
56811.7
56812.7
56813.5
56814.2
56814.8
56815
56814.9
56814.7
56814.6
56814.3
56813.9
56813.7
56813.6
56813
56812
56811.7
56811.7
56811.5
56810.8
56810.5
56811.2
56812.2
56812.9
56813.7
56814.7
56815.5
56815.8
56816
56816.2
56816.1
56815.6
56814.9
56814.5
56814.2
56813.9
56813.7
56813.7
56813.2
56812.3
56811.8
56811.6
56811.4
56810.8
56810.4
56811.1
56812
56812.7
56813.6
56814.6
56815.5
56815.8
56815.8
56815.8
56815.6
56815.1
56814.5
56814.2
56814
56813.6
56813.4
56813.3
56812.8
56811.9
56811.3
56811.1
56810.9
56810.2
56810.1
56810.9
56811.8
56812.5
56813.3
56814.3
56815.1
56815.3
56815.3
56815.3
56815.1
56814.6
56814.1
56813.7
56813.5
56813.2
56813
56813.1
56812.5
56811.6
56811.2
56811.1
56811
56810.5
56810.3
56811.1
56812.1
56812.8
56813.5
56814.3
56814.9
56815.1
56815.1
56814.9
56814.7
56814.2
56813.8
56813.4
56813.2
56813
56812.8
56812.7
56812.2
56811.5
56810.9
56810.7
56810.8
56810.8
56811
56811.4
56812
56812.6
56813
56813.3
56813.5
56813.3
56813
56812.7
56812.6
56812.4
56812.2
56812
56812
56812
56811.9
56811.7
56811.6
56811.4
56811.2
56811
56810.9
56810.7
56810.6
56810.5
56810.5
56810.6
56810.8
56810.9
56811.1
56811.3
56811.4
56811.5
56811.5
56811.8
56811.8
56811.8
56811.8
56811.8
56811.7
56811.6
56811.5
56811.4
56811.3
56811.1
56810.8
56810.3
56810
56809.9
56810.1
56810.2
56810.4
56810.9
56811.4
56812.1
56812.6
56812.8
56812.9
56812.8
56812.6
56812.4
56812.3
56812
56811.9
56811.8
56811.5
56810.9
56810.6
56810.5
56810.4
56810
56809.8
56810.4
56811.1
56811.6
56812.3
56812.9
56813.4
56813.6
56813.7
56813.6
56813.4
56813
56812.5
56812.3
56812.1
56811.9
56811.8
56811.7
56811.4
56810.9
56810.7
56810.5
56810.4
56810
56809.9
56810.5
56811.2
56811.7
56812.1
56812.6
56813
56813.1
56813.1
56812.9
56812.8
56812.3
56812
56811.9
56811.8
56811.7
56811.6
56811.6
56811.3
56810.8
56810.4
56810.4
56810.4
56810.1
56810
56810.3
56810.9
56811.2
56811.5
56811.9
56812.2
56812.3
56812.3
56812.2
56812.2
56811.9
56811.7
56811.6
56811.6
56811.4
56811.2
56811.2
56810.9
56810.6
56810.3
56810.1
56810.1
56809.8
56809.7
56810.1
56810.6
56810.8
56811.1
56811.2
56811.4
56811.3
56811.3
56811.2
56811.2
56810.9
56810.8
56810.8
56810.8
56810.7
56810.7
56810.6
56810.4
56810.2
56810.1
56810
56810
56809.9
56809.9
56810
56810.1
56810.2
56810.3
56810.4
56810.5
56810.6
56810.6
56810.7
56810.6
56810.6
56810.6
56810.6
56810.7
56810.7
56810.7
56810.7
56810.5
56810.4
56810.3
56810.2
56810.2
56810.1
56810.1
56810.1
56810.3
56810.4
56810.6
56810.7
56810.6
56810.7
56810.7
56810.7
56810.7
56810.8
56810.7
56810.7
56810.8
56810.8
56810.9
56810.9
56810.8
56810.7
56810.5
56810.4
56810.4
56810.4
56810.3
56810.2
56810.1
56810.1
56810
56810
56810
56810
56810
56810.1
56810.3
56810.4
56810.5
56810.6
56810.6
56810.6
56810.6
56810.5
56810.4
56810.3
56810.2
56810
56809.9
56809.8
56809.7
56809.7
56809.6
56809.7
56809.7
56809.8
56810
56810.1
56810.2
56810.3
56810.5
56810.6
56810.7
56810.7
56810.7
56810.7
56810.7
56810.6
56810.5
56810.4
56810.3
56810.1
56810
56809.9
56809.8
56809.7
56809.8
56809.9
56809.9
56810.1
56810.3
56810.5
56810.7
56810.8
56810.9
56810.9
56811
56811
56811.1
56811
56810.9
56810.9
56810.8
56810.7
56810.5
56810.4
56810.3
56810.1
56809.9
56810
56810.1
56810.2
56810.3
56810.4
56810.6
56810.7
56810.8
56810.9
56811
56811
56811
56811
56811.1
56811.1
56811
56811
56810.9
56810.7
56810.5
56810.4
56810.3
56810.1
56809.9
56809.9
56810
56810.1
56810.2
56810.3
56810.5
56810.6
56810.7
56810.8
56810.9
56811
56810.9
56810.9
56810.9
56810.9
56810.8
56810.7
56810.6
56810.4
56810.2
56810.1
56810
56810
56809.9
56809.9
56809.9
56810
56810
56810.1
56810.2
56810.3
56810.4
56810.5
56810.5
56810.5
56810.5
56810.6
56810.6
56810.6
56810.6
56810.6
56810.5
56810.5
56810.4
56810.3
56810.1
56809.9
56809.8
56809.8
56809.7
56809.8
56809.8
56809.9
56810
56810.1
56810.3
56810.4
56810.6
56810.7
56810.8
56810.9
56811
56811
56810.9
56810.9
56810.8
56810.6
56810.5
56810.3
56810.3
56810.1
56809.9
56809.9
56809.9
56809.9
56810
56810.1
56810.2
56810.3
56810.5
56810.7
56810.9
56811
56811
56811.1
56811.1
56811.1
56811.1
56811
56810.9
56810.7
56810.6
56810.5
56810.3
56809.9
56809.7
56809.6
56809.7
56809.7
56809.9
56810.3
56810.8
56811.3
56811.6
56811.8
56812
56812
56811.9
56811.8
56811.7
56811.5
56811.4
56811.3
56811.1
56810.7
56810.5
56810.4
56810.1
56809.7
56809.5
56809.6
56810.2
56810.7
56811.1
56811.8
56812.6
56813.1
56813.3
56813.4
56813.4
56813.1
56812.7
56812.5
56812.3
56812.1
56811.8
56811.8
56811.5
56810.9
56810.6
56810.5
56810.2
56809.8
56809.7
56810.2
56810.9
56811.5
56812.1
56813
56813.7
56814
56814.1
56814.2
56814
56813.6
56813.1
56812.9
56812.7
56812.4
56812.1
56812.1
56811.7
56811
56810.8
56810.7
56810.5
56809.9
56809.6
56810.2
56811.1
56811.7
56812.4
56813.3
56814
56814.2
56814.4
56814.4
56814.1
56813.6
56813.2
56812.9
56812.6
56812.3
56812.2
56812.2
56811.8
56811.1
56810.7
56810.5
56810.4
56810.2
56810.3
56810.9
56811.7
56812.2
56812.6
56813
56813.1
56813
56812.9
56812.8
56812.6
56812.3
56812.2
56812.2
56812.3
56812.3
56812.2
56812
56811.8
56811.6
56811.4
56811.1
56810.9
56810.7
56810.6
56810.5
56810.5
56810.6
56810.7
56810.9
56811.1
56811.3
56811.6
56811.8
56812
56812.2
56812.4
56812.4
56812.5
56812.5
56812.5
56812.3
56812.1
56812
56811.8
56811.7
56811.2
56810.5
56810.1
56810
56810
56810.2
56810.7
56811.4
56812.3
56813.1
56813.7
56814.2
56814.4
56814.4
56814.2
56814
56813.8
56813.4
56813.2
56813.1
56812.6
56811.8
56811.4
56811.1
56810.8
56810.3
56810.2
56810.7
56811.8
56812.6
56813.3
56814.4
56815.2
56815.7
56815.8
56815.9
56815.7
56815.3
56814.7
56814.4
56814.2
56813.8
56813.5
56813.4
56812.9
56812
56811.6
56811.4
56811
56810.5
56810.2
56810.8
56811.8
56812.6
56813.5
56814.5
56815.3
56815.7
56815.8
56815.9
56815.7
56815.3
56814.7
56814.4
56814.1
56813.8
56813.5
56813.4
56812.8
56812
56811.5
56811.2
56810.9
56810.3
56810.2
56810.9
56811.9
56812.5
56813.4
56814.4
56815.3
56815.6
56815.7
56815.7
56815.6
56815.2
