0.0208708
0.019062
0.0193403
0.0254624
0.0306106
0.0307497
0.0294974
0.0256016
0.0230971
0.0224014
0.0218448
0.0230971
0.0229579
0.020036
0.020036
0.0257407
0.0235145
0.0243493
0.0294974
0.0247667
0.0258798
0.0236536
0.0222622
0.0185055
0.0198969
0.0158618
0.0226796
0.0224014
0.0164184
0.0169749
0.0204534
0.0164184
0.0157227
0.0147487
0.0162792
0.0197577
0.0155836
0.0235145
0.0232362
0.0112702
0.0111311
0.0122442
0.0186446
0.0151661
0.0186446
0.0153053
0.0208708
0.0218448
0.0201751
0.0219839
0.0232362
0.0233753
0.0243493
0.0237927
0.0251841
0.0230971
0.0139139
0.0207317
0.0221231
0.0180881
0.0105746
0.016001
0.0187837
0.0180881
0.0185055
0.0168358
0.0172532
0.0183663
0.0192012
0.0147487
0.0125225
0.0139139
0.0136356
0.016001
0.0123834
0.0102963
0.0137747
0.0129399
0.0137747
0.0102963
0.0119659
0.0165575
0.0194794
0.0119659
0.0139139
0.0187837
0.0166967
0.0146096
0.0148879
0.0112702
0.014053
0.0147487
0.00737436
0.00918317
0.0118268
0.0155836
0.0136356
0.00820919
0.00445244
0.00292192
0.00473072
0.0075135
0.0133573
0.016001
0.0171141
0.0175315
0.0153053
0.0155836
0.0158618
0.0164184
0.0178098
0.0161401
0.0147487
0.0136356
0.0155836
0.00793092
0.00987886
0.00347847
0.00486986
0.00640039
0.0153053
0.00793092
0.0107137
0.0144704
0.0158618
0.0128008
0.00848747
0.00375675
0.00598297
0.00876575
0.00528728
0.00612211
0.00987886
0.00667867
0.00807006
0.00862661
0.0101571
0.0128008
0.0141922
0.0132182
0.0132182
0.0148879
0.0139139
0.00904403
0.00973972
0.0102963
0.0112702
0.00918317
0.0115485
0.0123834
0.00640039
0.00946144
0.00793092
0.00848747
0.00973972
0.010018
0.00876575
0.0122442
0.00695694
0.0102963
0.014053
0.0166967
0.0125225
0.0123834
0.0136356
0.0125225
0.0128008
0.0107137
0.0111311
0.00848747
0.00486986
0.00445244
0.00793092
0.0107137
0.0125225
0.0139139
0.00862661
0.00960058
0.00904403
0.00946144
0.00973972
0.00723522
0.00417417
0.00779178
0.010992
0.0125225
0.0119659
0.0143313
0.0146096
0.0105746
0.0134965
0.0173924
0.0102963
0.010992
0.00542642
0.00918317
0.00640039
0.00973972
0.00834833
0.00765264
0.0112702
0.00765264
0.00862661
0.0111311
0.0143313
0.0136356
0.0133573
0.0118268
0.0104354
0.0155836
0.0203143
0.0162792
0.0108528
0.0171141
0.014053
0.016001
0.0101571
0.0151661
0.0196186
0.0148879
0.0235145
0.0146096
0.00904403
0.0153053
0.00876575
0.0146096
0.010018
0.0105746
0.0148879
0.0108528
0.0133573
0.0158618
0.0172532
0.0123834
0.0183663
0.0119659
0.00862661
0.0158618
0.0183663
0.0198969
0.0101571
0.0179489
0.0108528
0.00862661
0.00779178
0.0139139
0.0185055
0.0115485
0.0141922
0.0119659
0.0101571
0.0144704
0.0155836
0.0183663
0.0158618
0.0126616
0.00918317
0.0116877
0.0134965
0.0183663
0.0173924
0.0153053
0.0153053
0.0162792
0.0128008
0.016001
0.0189229
0.019062
0.0144704
0.016001
0.0105746
0.0133573
0.0197577
0.0218448
0.0146096
0.0146096
0.0134965
0.0132182
0.0157227
0.0123834
0.0130791
0.0165575
0.0162792
0.0186446
0.0175315
0.014053
0.0219839
0.0189229
0.0165575
0.0137747
0.0175315
0.0247667
0.0208708
0.0189229
0.0186446
0.0146096
0.0197577
0.016001
0.0180881
0.0208708
0.0204534
0.0175315
0.0173924
0.0187837
0.0205926
0.0239319
0.0134965
0.0168358
0.0178098
0.0155836
0.0228188
0.0217057
0.0185055
0.0153053
0.0154444
0.0208708
0.0178098
0.0208708
0.0197577
0.0194794
0.0215665
0.0185055
0.0217057
0.0211491
0.0242102
0.0236536
0.0208708
0.0187837
0.0211491
0.0180881
0.0173924
0.0196186
0.0205926
0.0225405
0.0219839
0.0265755
0.0308888
0.0221231
0.0180881
0.0196186
0.0219839
0.0333933
0.025045
0.0274104
0.035063
0.0285235
0.0268538
0.0219839
0.0236536
0.0256016
0.0185055
0.0203143
0.0173924
0.0236536
0.0237927
0.0194794
0.0203143
0.0185055
0.0205926
0.02101
0.0182272
0.0189229
0.0271321
0.0315845
0.0239319
0.0187837
0.0214274
0.0236536
0.0267147
0.0317237
0.0365935
0.0253233
0.0236536
0.0205926
0.0178098
0.0215665
0.0217057
0.0182272
0.0211491
0.0196186
0.0173924
0.0203143
0.0144704
0.0193403
0.0165575
0.0187837
0.0136356
0.0194794
0.0299149
0.0271321
0.0232362
0.0265755
0.0153053
0.0125225
0.0139139
0.0203143
0.0173924
0.0239319
0.0267147
0.0308888
0.0218448
0.0197577
0.0136356
0.0194794
0.0243493
0.0288017
0.0217057
0.0183663
0.0201751
0.0233753
0.0239319
0.0186446
0.0197577
0.0198969
0.0141922
0.0144704
0.0171141
0.0165575
0.0155836
0.0118268
0.0166967
0.0172532
0.0179489
0.014053
0.0208708
0.0189229
0.0172532
0.0189229
0.0224014
0.0271321
0.0197577
0.0129399
0.014053
0.0102963
0.0119659
0.0108528
0.0126616
0.0180881
0.0229579
0.0179489
0.00960058
0.00960058
0.0121051
0.0139139
0.015027
0.0104354
0.00876575
0.0165575
0.0192012
0.0164184
0.0153053
0.014053
0.0118268
0.00765264
0.0105746
0.0121051
0.015027
0.0155836
0.0126616
0.00514814
0.00640039
0.00918317
0.0183663
0.0211491
0.0105746
0.0116877
0.00834833
0.0115485
0.0119659
0.0154444
0.0168358
0.0179489
0.0194794
0.0173924
0.016001
0.00973972
0.00987886
0.0125225
0.00431331
0.00347847
0
0.00222622
0.00361761
0.00793092
0.00320019
0.00626125
0.0114094
0.00960058
0.0101571
0.00834833
0.0101571
0.0105746
0.0111311
0.0111311
0.00946144
0.0101571
0.00862661
0.00960058
0.0123834
0.00556556
0.00180881
0.00111311
0.00598297
0.0101571
0.0107137
0.0125225
0.00584383
0.00222622
0.00361761
0.00473072
0.00542642
0.00973972
0.0108528
0.00737436
0.00333933
0.00389589
0.00556556
0.0104354
0.0108528
0.00779178
0.00459158
0.00695694
0.00514814
0.00542642
0.00723522
0.000278278
0.00111311
0.00125225
0.00486986
0.00918317
0.0132182
0.0125225
0.00486986
0.00626125
0.00793092
0.00779178
0.00987886
0.0134965
0.0115485
0.0126616
0.00389589
0.00306106
0.00626125
0.00528728
0.00528728
0.00862661
0.016001
0.0141922
0.010992
0.0125225
0.0132182
0.00834833
0.0114094
0.0128008
0.00598297
0.00918317
0.0130791
0.0183663
0.00918317
0.00709608
0.0168358
0.0155836
0.0118268
0.00640039
0.00973972
0.0197577
0.0176706
0.0105746
0.00556556
0.0139139
0.0146096
0.00695694
0.00626125
0.0114094
0.00598297
0.0136356
0.00807006
0.00695694
0.0118268
0.0125225
0.005009
0.00932231
0.00932231
0.014053
0.0208708
0.0123834
0.00793092
0.00584383
0.00556556
0.00737436
0.00876575
0.0118268
0.016001
0.0107137
0.0128008
0.0108528
0.00876575
0.00876575
0.0119659
0.00848747
0.0183663
0.0137747
0.00653953
0.00807006
0.0207317
0.0148879
0.0119659
0.0130791
0.00793092
0.0151661
0.0182272
0.0144704
0.0114094
0.0136356
0.0104354
0.00807006
0.0136356
0.010992
0.0121051
0.0139139
0.0147487
0.0111311
0.0141922
0.02101
0.0193403
0.0128008
0.0125225
0.0183663
0.00973972
0.0147487
0.00960058
0.0132182
0.0173924
0.0189229
0.0246276
0.0222622
0.0157227
0.0146096
0.020036
0.0143313
0.0125225
0.0154444
0.0201751
0.025045
0.0178098
0.0148879
0.0126616
0.0121051
0.0172532
0.0175315
0.0143313
0.019062
0.0222622
0.0219839
0.0168358
0.0173924
0.0169749
0.019062
0.0224014
0.0215665
0.0143313
0.0146096
0.0153053
0.0165575
0.0180881
0.0169749
0.0147487
0.0180881
0.0180881
0.0169749
0.0175315
0.026019
0.0211491
0.0212882
0.0193403
0.0219839
0.0180881
0.0180881
0.019062
0.0166967
0.015027
0.0217057
0.0212882
0.0193403
0.0180881
0.0212882
0.0226796
0.0219839
0.0246276
0.0226796
0.0256016
0.0208708
0.0151661
0.0158618
0.0205926
0.0168358
0.0178098
0.0225405
0.0215665
0.0180881
0.0146096
0.0126616
0.0146096
0.0164184
0.0176706
0.0176706
0.016001
0.0192012
0.0185055
0.0161401
0.0214274
0.0172532
0.0235145
0.0204534
0.0147487
0.0217057
0.0148879
0.0175315
0.0192012
0.0198969
0.0194794
0.0251841
0.024071
0.0180881
0.0222622
0.0207317
0.0225405
0.0282452
0.0313062
0.0239319
0.0221231
0.0233753
0.0192012
0.0178098
0.0194794
0.0243493
0.0299149
0.0233753
0.0189229
0.0201751
0.0197577
0.0218448
0.0274104
0.0242102
0.020036
0.0235145
0.0265755
0.0283843
0.0279669
0.0276886
0.0306106
0.0285235
0.0307497
0.0286626
0.0208708
0.0286626
0.0299149
0.0225405
0.0196186
0.0201751
0.0293583
0.0221231
0.0211491
0.0182272
0.0183663
0.0173924
0.0211491
0.0244884
0.0215665
0.0232362
0.0226796
0.02101
0.0176706
0.0139139
0.0158618
0.0175315
0.0148879
0.0139139
0.0193403
0.0186446
0.0173924
0.0178098
0.0108528
0.0154444
0.0148879
0.00987886
0.00932231
0.00793092
0.0126616
0.0211491
0.0215665
0.0154444
0.0162792
0.016001
0.0136356
0.00862661
0.00932231
0.0104354
0.0122442
0.0111311
0.0144704
0.0201751
0.0229579
0.0196186
0.0146096
0.0175315
0.0180881
0.0121051
0.014053
0.0166967
0.0173924
0.0187837
0.019062
0.0187837
0.0148879
0.0180881
0.0161401
0.0180881
0.0155836
0.0187837
0.0179489
0.00946144
0.0139139
0.0201751
0.0162792
0.00932231
0.00640039
0.00681781
0.0102963
0.0115485
0.0104354
0.00862661
0.0108528
0.0183663
0.0165575
0.00904403
0.0115485
0.0168358
0.0129399
0.0104354
0.0129399
0.0153053
0.015027
0.00737436
0.0105746
0.00779178
0.010018
0.0133573
0.00973972
0.0115485
0.0108528
0.00653953
0.00946144
0.010018
0.0115485
0.0132182
0.00653953
0.00417417
0.00208708
0.00347847
0.00862661
0.0161401
0.00918317
0.00918317
0.0111311
0.010992
0.00459158
0.00542642
0.00834833
0.00556556
0.00765264
0.0118268
0.0136356
0.0132182
0.010018
0.0112702
0.0111311
0.0118268
0.0122442
0.0115485
0.00333933
0.00681781
0.00820919
0.00932231
0.0116877
0.00904403
0.010992
0.00570469
0.0075135
0.0104354
0.00542642
0.00347847
0.00737436
0.00918317
0
0.000973972
0.0105746
0.0171141
0.0128008
0.0133573
0.0132182
0.0139139
0.0107137
0.0111311
0.0115485
0.0115485
0.00626125
0.00904403
0.0130791
0.0130791
0.0146096
0.0148879
0.0137747
0.0105746
0.00807006
0.0118268
0.0192012
0.0198969
0.0115485
0.00737436
0.00417417
0.00723522
0.0143313
0.0154444
0.0146096
0.0125225
0.0180881
0.00890489
0.0116877
0.00932231
0.0115485
0.0155836
0.0139139
0.014053
0.0147487
0.0151661
0.00793092
0.0132182
0.0144704
0.0154444
0.0169749
0.0147487
0.0122442
0.0128008
0.00765264
0.00987886
0.00904403
0.00598297
0.00695694
0.0155836
0.0104354
0.0166967
0.0189229
0.0115485
0.0118268
0.0179489
0.0107137
0.0105746
0.00486986
0.0144704
0.0214274
0.0147487
0.0133573
0.0129399
0.0193403
0.0107137
0.0132182
0.0105746
0.00960058
0.00946144
0.00807006
0.00834833
0.0115485
0.0126616
0.0173924
0.0183663
0.0225405
0.0173924
0.0164184
0.0147487
0.0139139
0.0169749
0.0123834
0.0143313
0.0104354
0.0161401
0.0175315
0.0179489
0.0162792
0.0194794
0.0171141
0.0125225
0.0128008
0.0136356
0.0164184
0.0147487
0.0175315
0.0153053
0.0114094
0.0104354
0.0189229
0.0205926
0.0151661
0.0107137
0.0141922
0.015027
0.015027
0.0173924
0.0183663
0.0121051
0.00793092
0.0136356
0.0101571
0.015027
0.0139139
0.0225405
0.0208708
0.0201751
0.0221231
0.0207317
0.0197577
0.0219839
0.0239319
0.0244884
0.0168358
0.0158618
0.0180881
0.0183663
0.0166967
0.0212882
0.0176706
0.0168358
0.0192012
0.0151661
0.0166967
0.0229579
0.0208708
0.0155836
0.0193403
0.0208708
0.0205926
0.0208708
0.0185055
0.0283843
0.025045
0.0169749
0.0232362
0.0192012
0.0243493
0.0208708
0.0193403
0.0154444
0.0224014
0.0283843
0.025045
0.0271321
0.0237927
0.0237927
0.0166967
0.0153053
0.0226796
0.0224014
0.0180881
0.0186446
0.0211491
0.0173924
0.0198969
0.0229579
0.0258798
0.025045
0.0253233
0.0158618
0.0165575
0.0169749
0.0205926
0.0182272
0.0176706
0.0146096
0.0192012
0.0261581
0.0193403
0.0155836
0.0147487
0.0204534
0.0182272
0.0168358
0.0204534
0.0154444
0.0180881
0.0217057
0.0197577
0.0215665
0.025045
0.0208708
0.0221231
0.0215665
0.0219839
0.0230971
0.0189229
0.0192012
0.0203143
0.0217057
0.0230971
0.0198969
0.0226796
0.0262972
0.026019
0.0201751
0.0229579
0.0196186
0.0187837
0.0162792
0.02101
0.0155836
0.0187837
0.0175315
0.0122442
0.0146096
0.0168358
0.0201751
0.0271321
0.0194794
0.0192012
0.0146096
0.0192012
0.0158618
0.0217057
0.0154444
0.0168358
0.0197577
0.0151661
0.0197577
0.0192012
0.02101
0.0194794
0.0168358
0.0192012
0.0230971
0.0247667
0.0130791
0.0141922
0.0102963
0.0121051
0.0194794
0.0212882
0.0154444
0.0134965
0.0143313
0.0128008
0.0114094
0.0134965
0.0172532
0.0173924
0.0125225
0.0134965
0.014053
0.0155836
0.0166967
0.0154444
0.015027
0.0178098
0.0136356
0.019062
0.0153053
0.0183663
0.0180881
0.0141922
0.0183663
0.0129399
0.0154444
0.0143313
0.0121051
0.0162792
0.0173924
0.00904403
0.0133573
0.0192012
0.0204534
0.0126616
0.00667867
0.00459158
0.00486986
0.00793092
0.00765264
0.00973972
0.0132182
0.0137747
0.00681781
0.00876575
0.00667867
0.00862661
0.00987886
0.0104354
0.0130791
0.0121051
0.0132182
0.0168358
0.0132182
0.0129399
0.0118268
0.0111311
0.0136356
0.00862661
0.0101571
0.0151661
0.0139139
0.0121051
0.0125225
0.015027
0.0172532
0.010018
0.010018
0.0154444
0.0129399
0.014053
0.00542642
0.00695694
0.0114094
0.00389589
0.00598297
0.0112702
0.0154444
0.00653953
0.00737436
0.0139139
0.00779178
0.00306106
0.00987886
0.0115485
0.0119659
0.014053
0.0115485
0.010018
0.0107137
0.0108528
0.0126616
0.0130791
0.0108528
0.00361761
0.00333933
0.00542642
0.00180881
0.00292192
0.0102963
0.010018
0.0122442
0.0123834
0.0122442
0.0111311
0.000973972
0.000139139
0.00125225
0.0108528
0.010018
0.0111311
0.00640039
0.00723522
0.00807006
0.00946144
0.0112702
0.0104354
0.0075135
0.00640039
0.00890489
0.0134965
0.00973972
0.0139139
0.0147487
0.016001
0.0141922
0.0154444
0.0153053
0.0123834
0.0137747
0.0162792
0.0161401
0.0125225
0.00876575
0.0121051
0.0118268
0.0118268
0.0111311
0.00834833
0.0111311
0.0118268
0.0107137
0.0116877
0.0125225
0.0115485
0.00946144
0.0129399
0.00932231
0.0125225
0.0101571
0.00876575
0.010992
0.00723522
0.0125225
0.0157227
0.0128008
