0.0329306
0.0318684
0.0382492
0.0389154
0.038249
0.0340411
0.0353075
0.0443977
0.0530057
0.0572506
0.0552399
0.0461664
0.0351537
0.0318118
0.0378261
0.0370677
0.0387193
0.0374188
0.040115
0.039853
0.03975
0.0413081
0.0407252
0.0411072
0.0400091
0.0327564
0.0296326
0.0390763
0.0440406
0.0451346
0.0464527
0.0396835
0.0366384
0.031348
0.038373
0.0417971
0.0414761
0.0361829
0.03482
0.0402622
0.0419732
0.0431299
0.0355414
0.0323925
0.0247068
0.0213836
0.0293812
0.0302327
0.0297785
0.0283218
0.0303014
0.0343138
0.0350551
0.0322014
0.0255028
0.0301052
0.0255287
0.0213586
0.0240603
0.0259027
0.02474
0.024133
0.028963
0.0309322
0.0243307
0.0241817
0.0330193
0.0390685
0.0353036
0.0272802
0.0210062
0.0238931
0.0191185
0.0196829
0.0110742
0.0158597
0.0135202
0.0173773
0.0211067
0.0223581
0.0219283
0.0233216
0.0293268
0.0295017
0.0268787
0.0245903
0.0297157
0.032199
0.0259855
0.0193877
0.0195367
0.019734
0.0111814
0.013131
0.00965284
0.0166698
0.0164163
0.0179404
0.0204608
0.0244836
0.0228396
0.0179715
0.015275
0.0120255
0.0127192
0.0142812
0.0139383
0.0170903
0.0108459
0.00208556
0.00267339
0.00184917
-0.00328396
-0.00185975
-5.54018e-06
0.00311828
0.0058342
0.00709979
0.0152324
0.0225802
0.0225146
0.0133478
0.0120361
0.0148645
0.018467
0.0194949
0.0174629
0.0117493
0.00827219
0.00496303
-0.00701003
-0.0132052
-0.0111652
-0.00619139
-0.00494464
-0.00121752
0.00107876
0.00629452
0.00946829
0.00871909
0.00959181
0.0102028
0.00926976
0.00542853
0.00793648
0.00972592
0.00863666
0.00221152
0.00160829
0.00145644
-0.00160786
-0.00423725
-0.00222633
0.005342
0.00687897
0.00724912
0.00606698
0.0110973
0.00927466
0.00289096
0.00233017
0.000102141
-0.00155425
-0.0051033
-0.00723047
-0.00536711
-0.00190489
-0.00646337
-0.00877363
-0.00124386
0.00376108
0.00309391
0.00525825
0.0068555
0.00787174
0.00517381
0.0104398
0.0130852
0.0142236
0.0093723
0.00439481
0.000956441
-0.0010808
-0.00172235
-0.00329681
-0.000248579
-0.00228818
-0.00619586
-0.00331822
0.00351985
0.00503281
0.00249639
-0.000814259
-0.000964597
-0.00320384
0.000920758
0.00496453
0.00752579
0.00630411
0.00595192
0.00589401
0.00586926
0.00623213
0.0060574
0.00433602
0.00285209
-0.000350699
-0.000913353
0.00467158
0.00672633
0.00521728
-0.00128934
-0.00566631
-0.00502003
-0.00573028
-0.00147247
-0.00266869
-0.00435498
-0.00183368
0.0039928
0.00727971
0.0121361
0.014138
0.0161709
0.0136778
0.0115956
0.00564416
0.00370593
0.00970967
0.0100935
0.00578436
0.00470513
0.00150164
0.0089334
0.00684469
0.0118855
0.00715531
0.004263
0.0026546
0.00503085
0.00529539
0.00542184
0.0134068
0.0185954
0.0161748
0.00981054
0.00598623
0.00937073
0.011859
0.0172419
0.0157756
0.0213531
0.0142352
0.0153557
0.0122997
0.0144987
0.0142805
0.0132739
0.00586458
0.000174122
-0.00201874
0.00315884
0.0127296
0.0181522
0.0164343
0.0105038
0.00653348
0.00923804
0.00782995
0.014387
0.0149893
0.0190456
0.0118888
0.0050935
0.0100054
0.0131545
0.016106
0.017031
0.0156723
0.00828414
7.36731e-05
0.0111839
0.0133485
0.0200799
0.0171503
0.0143007
0.0111296
0.0116025
0.0126592
0.0121977
0.0121507
0.0139354
0.0126758
0.00790806
0.0108063
0.0174584
0.022517
0.0248939
0.0197659
0.0119766
0.0141258
0.0202316
0.0193712
0.0211644
0.0219451
0.0203248
0.01943
0.0203977
0.0220957
0.02317
0.0200028
0.0140895
0.0163356
0.0170817
0.0191804
0.024329
0.0295107
0.0241443
0.0157019
0.0218126
0.0259484
0.0252216
0.0256355
0.0216703
0.0251129
0.0222736
0.0230534
0.0226871
0.0284207
0.0270742
0.0229586
0.0193252
0.0226799
0.0300753
0.0307777
0.0291733
0.0312299
0.0295567
0.0254653
0.0263284
0.0304146
0.0308663
0.023644
0.017188
0.0244518
0.0291173
0.0332249
0.0304354
0.027026
0.030425
0.0289174
0.0223945
0.0271177
0.0356816
0.0343859
0.034124
0.0394778
0.0446675
0.0461564
0.046306
0.0390255
0.0357482
0.0292155
0.0256519
0.0308449
0.0329377
0.0347009
0.0381074
0.0340466
0.030695
0.0253337
0.0298036
0.0334175
0.0358683
0.0380376
0.0378755
0.0337035
0.0393062
0.0485437
0.048969
0.0469846
0.0440104
0.0420164
0.0417756
0.0415466
0.0389144
0.0395319
0.0380881
0.0361269
0.0286292
0.0231625
0.0284376
0.032894
0.0358734
0.0368555
0.0261188
0.0162641
0.0137734
0.0257309
0.0347961
0.0427221
0.0434006
0.0390655
0.0406382
0.040698
0.0353028
0.0306121
0.0298286
0.0288312
0.0295826
0.0307326
0.0269396
0.0268678
0.0371274
0.0358252
0.0270784
0.0174444
0.0170867
0.0200684
0.0290383
0.0342011
0.0383578
0.0387225
0.0354213
0.0308334
0.0262249
0.0236685
0.021919
0.021371
0.0251048
0.0273547
0.0218162
0.0197174
0.0284225
0.031226
0.0255966
0.015868
0.0230128
0.0271828
0.0257348
0.032523
0.0351856
0.0403156
0.0312811
0.0237663
0.0186535
0.0238173
0.0203257
0.0152111
0.0156322
0.0129741
0.0108917
0.0160456
0.0220855
0.018258
0.00902416
0.00237152
0.0114346
0.0148732
0.0218012
0.0232563
0.0261816
0.0247228
0.0198178
0.010658
0.0083528
0.0161495
0.0144026
0.0142597
0.00441465
-0.00146556
0.00659676
0.0124254
0.0158224
0.0116065
0.00507134
-0.000200883
-0.00118662
0.00155577
0.00698681
0.0113781
0.0113011
0.0102598
0.00909386
0.00965549
0.0200249
0.0242904
0.0223989
0.0197003
0.00468736
-0.0022008
0.000815035
-0.000134731
-0.0057038
-0.00740554
-0.00910734
-0.0085086
-0.00643709
-0.00531808
-0.00549755
-0.0010987
0.00211939
0.00624501
0.00678762
0.00457881
0.0107151
0.0168384
0.0194142
0.0190671
0.0122337
0.000327901
-0.00774548
-0.012254
-0.0136204
-0.0129099
-0.0149409
-0.0140245
-0.0116577
-0.0124378
-0.0125336
-0.00453399
-0.00189124
-0.002075
-0.00256989
-0.00909584
-0.00987159
-0.00142765
0.00295751
0.00318181
0.00179323
-0.00794083
-0.0128814
-0.00917459
-0.00344905
-0.00398531
-0.00259182
-0.0100232
-0.0167501
-0.0189699
-0.0141859
-0.0106095
-0.00959061
-0.00728134
-0.00975735
-0.0144846
-0.0166449
-0.0061275
-0.000344439
-0.000596579
-0.00494827
-0.00558144
-0.00324485
-0.00206281
-0.00400653
-0.00527543
-0.00385724
-0.0130485
-0.0198262
-0.0129972
-0.00907174
-0.00679727
-0.00236609
0.00181644
-0.00169956
-0.00739012
-0.000255934
-0.00101153
-5.04358e-05
-0.00158849
0.000244065
0.00821145
0.00981736
0.000963049
-0.00795793
0.00381866
-0.000278788
-0.00518461
-0.00420465
0.0016301
0.00370109
0.00106495
0.00788163
0.00808314
0.00599608
-0.00217148
0.000677449
0.00198839
0.000302064
-0.003256
0.00236141
0.00666789
-0.00105058
-0.0069314
0.00176607
0.012429
0.0109158
0.00857658
0.00408084
0.00658144
0.0044661
0.00301347
0.000919109
-4.77625e-06
0.00340502
0.00112674
0.000352093
-0.000836019
0.001068
0.00333993
0.00738708
0.00369324
-0.0104876
-0.00330632
0.00291906
0.00459781
0.0125075
0.00830383
0.00689109
-0.00236945
0.00253063
-0.00042146
0.00796398
0.00358969
0.00271709
0.00396321
0.00811375
0.00593329
0.00361491
0.00877893
0.0118242
0.00435405
-0.00359421
0.00243042
0.00751774
0.00624836
0.013803
0.0102869
0.0133862
0.00825291
0.0135085
0.00713637
0.0103184
0.0081274
0.0115982
0.0114668
0.0117294
0.013344
0.0183553
0.0224335
0.0151174
0.00312653
0.0110831
0.0173117
0.0158247
0.0152096
0.0148122
0.0188488
0.019738
0.0238442
0.0151479
0.0116105
0.0072394
0.00840768
0.0171951
0.0155305
0.0136772
0.0203321
0.0290944
0.0302825
0.0272977
0.0178899
0.0225719
0.0213901
0.0235755
0.0217272
0.0203864
0.0207589
0.0213203
0.0166908
0.0119494
0.0171606
0.0180394
0.0164091
0.0219785
0.0217666
0.0221472
0.0280643
0.0319354
0.0310868
0.0297762
0.0259458
0.0260767
0.0228471
0.025364
0.0220473
0.0229403
0.0209303
0.0198009
0.020841
0.0286128
0.0292213
0.0276602
0.0303019
0.0305909
0.0277767
0.0277109
0.0327258
0.0323252
0.0311285
0.0264394
0.0251499
0.0277454
0.023931
0.0232869
0.0205845
0.0219211
0.0180492
0.0185679
0.0240426
0.0280658
0.0297496
0.0307398
0.031399
0.0343484
0.0294412
0.0272852
0.0276521
0.0287513
0.0253313
0.0250195
0.0249823
0.0258337
0.0256565
0.0280016
0.0217878
0.0220868
0.0238964
0.0240245
0.0237258
0.0259028
0.0337712
0.0357092
0.0312424
0.0295098
0.0325889
0.0338311
0.0316557
0.0324927
0.0265421
0.0242036
0.0277788
0.0312782
0.0342485
0.0345317
0.0260914
0.025953
0.030106
0.032155
0.0324501
0.0389812
0.0445142
0.0490517
0.0421442
0.0375295
0.0472604
0.0527111
0.0465366
0.0408372
0.0335122
0.0357063
0.0352168
0.0413725
0.0406012
0.0401459
0.0284316
0.0299475
0.0298862
0.0308334
0.0300458
0.0343738
0.0403536
0.0416615
0.0403226
0.0432555
0.0470818
0.047013
0.0377919
0.0312704
0.0337733
0.0339768
0.028979
0.0320216
0.0331871
0.0343315
0.0293382
0.0279491
0.0181836
0.0155222
0.0169781
0.016555
0.0196767
0.0202343
0.0244375
0.0274735
0.0294442
0.0249079
0.0223427
0.0199067
0.0103256
0.00728547
0.00845019
0.0111811
0.0134084
0.0173975
0.0244768
0.0261256
0.0188705
0.0111965
0.0134106
0.008176
0.0101879
0.0114627
0.0164777
0.0169554
0.0189211
0.0203401
0.0215357
0.0208398
0.0170326
0.00993735
0.00595124
0.00954137
0.0129823
0.0184062
0.0216232
0.0228094
0.0188406
0.0160323
0.0183835
0.0115214
0.00691614
0.00607673
0.0109509
0.00883132
0.00892419
0.0111772
0.0157509
0.0155029
0.0186628
0.0133407
0.013279
0.0144671
0.020279
0.0186757
0.0188482
0.0122488
0.00888489
0.00928709
0.0106219
0.00805187
-0.00142347
-0.00474549
-0.000725491
-0.00207364
0.00219052
0.00624978
0.0123498
0.00403366
-0.00438546
0.00172837
0.00380607
0.00167954
0.00190317
0.000188446
0.00332416
-0.000510547
0.00294089
0.00281397
0.00578375
0.000454008
-0.00465135
-0.00486023
-0.00479758
9.8545e-05
0.00225314
0.00332702
0.00646306
0.00634411
0.00189806
0.0017144
0.000310581
-0.00695768
-0.00526425
-0.00276809
-0.00187929
-0.00201798
-0.00158641
0.00059294
0.000654111
-0.00601374
-0.00590618
0.00123495
0.00332674
-0.00444529
-0.0134885
-0.0112425
-0.00603798
-0.00247939
-0.00251602
-0.000724569
-0.000353027
-0.00430155
0.000386718
0.00683274
0.00971588
0.0056436
-0.00217175
0.000938327
-0.00164323
-0.00337696
0.00160119
0.00940572
0.0130102
-0.00356386
-0.0129079
-0.00419077
6.83393e-05
-8.87349e-05
-0.00087219
-0.00208243
-0.00371218
-0.00411288
0.00137601
0.00740291
0.0120796
0.00729219
0.00512375
0.00519185
0.0022047
0.00459523
0.0095926
0.00834029
0.00901673
0.00287612
0.00231134
0.00765246
0.0126849
0.0130615
0.0146609
0.00896115
0.00707334
0.00845368
0.00767217
0.00750416
0.0135794
0.0114867
0.00689563
0.00671322
0.00269899
0.000774695
0.0037542
1.77857e-05
0.00121224
0.00644047
0.0092666
0.0136845
0.0112886
0.00301845
0.00893673
0.0101368
0.00639172
0.00721377
0.00792852
0.011458
0.0141552
0.0178885
0.0111051
0.0143264
0.0094651
0.000386809
0.0035909
0.00191413
-0.00660049
-0.00305384
0.00515223
0.0114529
0.0115685
0.00626781
0.0104341
0.0160513
0.0150532
0.0129477
0.011714
0.013763
0.00992966
0.0117031
0.0109048
0.0181406
0.0170076
0.0173085
0.0158631
0.0130515
0.00668859
0.00128623
0.00727089
0.0116213
0.0141294
0.00967796
0.00751187
0.0169965
0.0204548
0.0236485
0.0206024
0.0149862
0.00935775
0.00565616
0.0122934
0.0145101
0.0182923
0.0178354
0.0184107
0.0181255
0.0135043
0.0107396
0.0121007
0.0146751
0.0153809
0.0117867
0.00680805
0.0133042
0.0198083
0.0239832
0.0264056
0.0250742
0.0205375
0.0179075
0.02436
0.0253772
0.0259418
0.0215858
0.0221994
0.0218936
0.0140453
0.0141371
0.0154504
0.0157466
0.013398
0.0147648
0.021129
0.0173456
0.0180858
0.0278796
0.0348551
0.033244
0.0328513
0.0284701
0.0321253
0.0332968
0.0384155
0.0307731
0.0308237
0.0231187
0.0196689
0.0223773
0.0295647
0.0302464
0.0327357
0.0268769
0.0311121
0.0306015
0.0301279
0.0298844
0.0322307
0.0325887
0.0263821
0.0210805
0.0232156
0.0316994
0.0383683
0.0377108
0.0316489
0.0260267
0.0278081
0.0300011
0.0350004
0.0339937
0.0310514
0.0259942
0.0314122
0.0330364
0.0333805
0.0332545
0.0301684
0.0294712
0.0265845
0.0243423
0.0191762
0.0250627
0.0261522
0.0265027
0.0287007
0.0279192
0.0307811
0.0309518
0.0354759
0.0325189
0.0286776
0.0296214
0.0302841
0.0306814
0.0302884
0.0271757
0.0264915
0.0252338
0.0304197
0.0282496
0.0288801
0.0304903
0.0293705
0.0270549
0.0291581
0.0294301
0.0307271
0.0307163
0.0294014
0.0322117
0.0304444
0.0244078
0.0233798
0.0292913
0.0287475
0.0288796
0.0229435
0.0254223
0.02897
0.0296009
0.0306078
0.0344311
0.0338397
0.0274337
0.0264442
0.0278172
0.0309566
0.0318169
0.0263344
0.0235001
0.0201018
0.0222134
0.0260506
0.0291722
0.023955
0.0210591
0.0200519
0.0223968
0.0239216
0.0253705
0.0233929
0.0245609
0.0177698
0.0163254
0.0176742
0.0209424
0.0207397
0.0178336
0.0118301
0.0148979
0.020789
0.022766
0.0264129
0.0275138
0.0195048
0.0131672
0.0196733
0.0173473
0.018508
0.0195762
0.0181915
0.0191
0.0151076
0.0133842
0.0179991
0.0226812
0.0181584
0.00832997
0.00547674
0.0131839
0.0139257
0.018401
0.0171718
0.0167489
0.0136028
0.0101239
0.00596029
0.00727458
0.0108326
0.00785425
0.00781104
0.00888644
0.0119099
0.00923085
0.0095335
0.0129278
0.0124268
-8.15075e-05
-0.00252861
0.00658187
0.011851
0.0128571
0.0119305
0.0151281
0.0155998
0.00894617
0.000631984
0.00485344
0.00333168
-0.00188609
-0.00275471
0.00285179
0.00688171
0.00218965
0.000735089
0.00441343
0.00695888
0.00259751
0.00253537
0.00716878
0.00903649
0.00273672
0.00210062
0.010375
0.00925867
-0.00142004
0.0024258
0.00515261
0.00521365
-0.00281205
-0.00484927
0.0029344
0.00223964
0.000991276
-0.00281874
0.00613522
0.00563728
0.002163
0.00737906
0.0157198
0.0156612
0.00617213
0.00350377
0.00566763
0.0012663
-0.00884193
-0.00841825
-0.00744105
-0.0124266
-0.0106849
-0.00706434
0.00119687
0.000812927
0.00058625
-0.00529472
-0.00132614
-0.0047944
-0.00631451
-0.00271966
-4.30424e-05
-0.00270638
-0.000548604
0.00572659
0.00943889
0.00415461
-0.00378085
-0.00651257
-0.0109347
-0.0175228
-0.011624
-0.00344241
0.000853838
0.0029968
0.00255985
0.000781282
0.000662566
0.0032975
0.00434286
0.00431068
0.00114946
-0.00543864
-0.000561629
0.00509876
0.00874209
0.0079921
0.00186373
0.00157155
0.000196245
-0.00251497
-0.000171407
7.16595e-05
0.000917459
0.00120519
0.004658
