0.0331893
0.0350187
0.036848
0.034496
0.0342347
0.032928
0.029008
0.0182933
0.0206453
0.0151573
0.021952
0.024304
0.0269173
0.032144
0.030576
0.029008
0.0279627
0.0253493
0.021168
0.0114987
0.0146347
0.012544
0.0185547
0.0224747
0.028224
0.0326667
0.0355413
0.032928
0.0316213
0.0287467
0.0245653
0.0209067
0.0143733
0.018032
0.0253493
0.0271787
0.0292693
0.0342347
0.0358027
0.0350187
0.032928
0.03136
0.025872
0.0229973
0.02352
0.021952
0.026656
0.0263947
0.029008
0.029008
0.0334507
0.0339733
0.0284853
0.026656
0.0151573
0.0114987
0.0107147
0.016464
0.0177707
0.0224747
0.028224
0.0295307
0.032928
0.0318827
0.0277013
0.0253493
0.0240427
0.0196
0.0138507
0.0177707
0.0240427
0.0261333
0.0318827
0.0342347
0.0371093
0.038416
0.0358027
0.029792
0.0263947
0.0232587
0.0169867
0.021168
0.0154187
0.0256107
0.030576
0.0310987
0.0339733
0.0318827
0.0292693
0.0240427
0.0209067
0.018816
0.014896
0.0146347
0.0229973
0.0237813
0.029008
0.0308373
0.0318827
0.0339733
0.0303147
0.025088
0.0224747
0.020384
0.00914667
0.0159413
0.0196
0.0245653
0.030576
0.0331893
0.036064
0.0324053
0.03136
0.028224
0.02352
0.0201227
0.0143733
0.0185547
0.021952
0.0261333
0.0318827
0.0334507
0.033712
0.032928
0.030576
0.028224
0.028224
0.0201227
0.0162027
0.0162027
0.020384
0.0240427
0.0358027
0.0347573
0.03528
0.0386773
0.0355413
0.033712
0.0263947
0.025088
0.0198613
0.0190773
0.0256107
0.028224
0.0331893
0.032928
0.0358027
0.0339733
0.030576
0.0279627
0.0237813
0.014896
0.0159413
0.0135893
0.0104533
0.0240427
0.0300533
0.0316213
0.0342347
0.0326667
0.0279627
0.025088
0.018032
0.0162027
0.0143733
0.0190773
0.0162027
0.024304
0.029792
0.0339733
0.03528
0.0334507
0.0326667
0.0308373
0.0256107
0.021168
0.0201227
0.021168
0.025872
0.028224
0.0300533
0.03136
0.0316213
0.0292693
0.029792
0.0277013
0.0237813
0.021952
0.0169867
0.0177707
0.0193387
0.0256107
0.0300533
0.0318827
0.034496
0.0342347
0.0334507
0.02744
0.025872
0.0193387
0.0151573
0.021168
0.021168
0.0269173
0.0334507
0.0342347
0.0365867
0.0350187
0.0350187
0.0318827
0.0284853
0.021952
0.021168
0.0224747
0.0154187
0.02352
0.0287467
0.0334507
0.0303147
0.0334507
0.0292693
0.0261333
0.021952
0.014112
0.0154187
0.0143733
0.0185547
0.0198613
0.028224
0.0347573
0.0347573
0.034496
0.03136
0.025872
0.0263947
0.0206453
0.0201227
0.0206453
0.0279627
0.0279627
0.029008
0.0331893
0.0358027
0.0355413
0.0308373
0.0269173
0.028224
0.0224747
0.0169867
0.018816
0.0224747
0.0261333
0.029008
0.0316213
0.03136
0.0326667
0.02744
0.0256107
0.018816
0.0177707
0.0130667
0.0162027
0.0209067
0.0256107
0.029792
0.0303147
0.0324053
0.0334507
0.0316213
0.0277013
0.022736
0.0154187
0.0201227
0.0146347
0.0190773
0.021168
0.0292693
0.033712
0.0339733
0.0324053
0.030576
0.026656
0.021952
0.018032
0.0146347
0.0198613
0.0151573
0.0253493
0.02744
0.0303147
0.0316213
0.0310987
0.0292693
0.025088
0.0216907
0.0175093
0.0114987
0.0130667
0.0177707
0.0214293
0.029008
0.029008
0.0308373
0.0308373
0.0277013
0.0277013
0.0185547
0.014896
0.0143733
0.0146347
0.020384
0.0224747
0.0308373
0.0365867
0.03528
0.0350187
0.0316213
0.03136
0.025872
0.0198613
0.0198613
0.02352
0.021168
0.030576
0.0324053
0.0324053
0.03136
0.0347573
0.0292693
0.0287467
0.0229973
0.0224747
0.01568
0.0182933
0.018032
0.025088
0.0324053
0.0347573
0.0363253
0.0339733
0.0347573
0.0310987
0.0263947
0.021168
0.0222133
0.0222133
0.0196
0.0269173
0.029008
0.0350187
0.037632
0.038416
0.0350187
0.0350187
0.0279627
0.0224747
0.0224747
0.0201227
0.0277013
0.0295307
0.030576
0.030576
0.03136
0.032928
0.02744
0.025872
0.0222133
0.014112
0.0135893
0.0154187
0.0198613
0.0256107
0.025872
0.0271787
0.0292693
0.032144
0.028224
0.02352
0.0201227
0.010976
0.0159413
0.0190773
0.0151573
0.0222133
0.02744
0.029008
0.0287467
0.0284853
0.0271787
0.0253493
0.0193387
0.013328
0.0143733
0.014112
0.0232587
0.02352
0.0279627
0.0324053
0.0365867
0.03528
0.036848
0.0292693
0.0240427
0.0209067
0.018816
0.0229973
0.0222133
0.0245653
0.0284853
0.033712
0.034496
0.0358027
0.032144
0.0292693
0.0256107
0.021168
0.013328
0.018032
0.0232587
0.0232587
0.028224
0.026656
0.0292693
0.03136
0.0287467
0.026656
0.021952
0.0143733
0.0128053
0.0169867
0.0175093
0.0261333
0.0261333
0.0277013
0.0316213
0.0342347
0.03136
0.0271787
0.0232587
0.0162027
0.0143733
0.013328
0.0177707
0.0245653
0.0277013
0.0303147
0.032928
0.033712
0.0300533
0.0277013
0.022736
0.0162027
0.013328
0.0169867
0.0167253
0.021168
0.026656
0.0303147
0.0363253
0.0381547
0.0324053
0.029792
0.0248267
0.0182933
0.0193387
0.0177707
0.0190773
0.0245653
0.02744
0.032144
0.034496
0.0334507
0.03136
0.0248267
0.0209067
0.0151573
0.014112
0.010192
0.0135893
0.0206453
0.02744
0.0316213
0.0363253
0.0334507
0.0334507
0.0303147
0.0269173
0.0216907
0.0169867
0.0222133
0.0245653
0.026656
0.029008
0.0334507
0.033712
0.033712
0.029792
0.0256107
0.0248267
0.0169867
0.013328
0.018032
0.0177707
0.0224747
0.0279627
0.0308373
0.0324053
0.0347573
0.0324053
0.0292693
0.0248267
0.0185547
0.0216907
0.0151573
0.0169867
0.02352
0.0310987
0.0334507
0.0331893
0.034496
0.030576
0.024304
0.025088
0.016464
0.00810133
0.0112373
0.0193387
0.0248267
0.0310987
0.0350187
0.0358027
0.034496
0.0326667
0.028224
0.0209067
0.016464
0.012544
0.017248
0.0214293
0.0261333
0.03136
0.033712
0.03528
0.0355413
0.034496
0.030576
0.028224
0.0206453
0.016464
0.0216907
0.0224747
0.0245653
0.029792
0.0331893
0.034496
0.0326667
0.0292693
0.029792
0.0232587
0.0177707
0.0138507
0.0193387
0.0206453
0.026656
0.0287467
0.0326667
0.03528
0.03528
0.030576
0.026656
0.02352
0.0167253
0.0177707
0.0143733
0.0175093
0.0248267
0.0292693
0.0326667
0.0339733
0.0347573
0.030576
0.0256107
0.021168
0.0167253
0.0154187
0.0190773
0.0182933
0.0229973
0.029792
0.030576
0.0326667
0.0355413
0.0318827
0.0284853
0.0224747
0.0193387
0.014112
0.0193387
0.01568
0.0245653
0.03136
0.0334507
0.0331893
0.03528
0.028224
0.0253493
0.0240427
0.021168
0.0175093
0.018032
0.0198613
0.0237813
0.0263947
0.032928
0.0326667
0.0316213
0.0303147
0.0279627
0.0245653
0.0177707
0.0135893
0.020384
0.01568
0.0240427
0.03136
0.0318827
0.0350187
0.032928
0.0326667
0.0284853
0.0216907
0.0169867
0.0135893
0.0146347
0.0209067
0.02352
0.0256107
0.029792
0.0308373
0.030576
0.030576
0.0279627
0.020384
0.0177707
0.012544
0.0154187
0.0169867
0.0237813
0.0292693
0.0324053
0.0334507
0.0303147
0.0347573
0.0303147
0.0240427
0.0240427
0.014896
0.0169867
0.022736
0.0279627
0.0318827
0.0365867
0.0373707
0.036848
0.036848
0.036064
0.025088
0.025872
0.020384
0.0253493
0.022736
0.0277013
0.0292693
0.0358027
0.0402453
0.0378933
0.0331893
0.0310987
0.0240427
0.0229973
0.0222133
0.016464
0.0224747
0.0269173
0.0256107
0.0308373
0.034496
0.0316213
0.029008
0.0248267
0.0216907
0.0175093
0.016464
0.0128053
0.0193387
0.0229973
0.028224
0.0342347
0.032928
0.03136
0.029008
0.0253493
0.021952
0.0201227
0.018816
0.0175093
0.0198613
0.026656
0.0303147
0.0342347
0.0365867
0.03528
0.0324053
0.0295307
0.02352
0.016464
0.0169867
0.0167253
0.0151573
0.0269173
0.0295307
0.0308373
0.0350187
0.0318827
0.0310987
0.029008
0.024304
0.018816
0.016464
0.0143733
0.0224747
0.0271787
0.0303147
0.034496
0.036064
0.0350187
0.0331893
0.0308373
0.0240427
0.0190773
0.0196
0.016464
0.0182933
0.025088
0.0324053
0.032928
0.034496
0.0303147
0.0300533
0.0277013
0.0214293
0.0175093
0.0190773
0.0169867
0.0198613
0.02352
0.028224
0.0331893
0.032144
0.0318827
0.0318827
0.0271787
0.0198613
0.0201227
0.0190773
0.0146347
0.0162027
0.0263947
0.029008
0.03528
0.0339733
0.0350187
0.0308373
0.0256107
0.02352
0.0135893
0.0122827
0.0112373
0.0169867
0.0201227
0.025872
0.0279627
0.0316213
0.03136
0.030576
0.0248267
0.0169867
0.0114987
0.0138507
0.013328
0.0182933
0.0245653
0.0310987
0.0292693
0.0347573
0.034496
0.0326667
0.029792
0.0248267
0.0232587
0.0175093
0.0185547
0.0216907
0.0269173
0.0269173
0.0326667
0.0339733
0.032928
0.0316213
0.025872
0.0201227
0.021952
0.018032
0.0190773
0.0209067
0.0232587
0.0342347
0.0326667
0.0363253
0.0339733
0.034496
0.028224
0.0245653
0.021168
0.0128053
0.0190773
0.0201227
0.0201227
0.0263947
0.032144
0.0324053
0.0308373
0.0310987
0.0279627
0.0237813
0.0169867
0.0216907
0.00966933
0.0175093
0.0232587
0.0245653
0.0284853
0.030576
0.029792
0.0284853
0.024304
0.0198613
0.0198613
0.012544
0.0122827
0.018032
0.0216907
0.0237813
0.0295307
0.0292693
0.0300533
0.029792
0.0253493
0.022736
0.0146347
0.0169867
0.0167253
0.020384
0.0248267
0.032144
0.0326667
0.033712
0.0347573
0.0342347
0.0300533
0.0256107
0.0201227
0.0222133
0.0185547
0.021168
0.0232587
0.0284853
0.0303147
0.0324053
0.0303147
0.0300533
0.025088
0.0237813
0.0216907
0.0159413
0.022736
0.018032
0.0232587
0.0271787
0.0334507
0.03528
0.0342347
0.0310987
0.02744
0.0201227
0.0159413
0.0169867
0.0175093
0.0185547
0.0222133
0.0261333
0.0326667
0.0326667
0.0326667
0.02744
0.0279627
0.022736
0.018816
0.018816
0.0167253
0.025088
0.0240427
0.029008
0.0334507
0.0342347
0.034496
0.0316213
0.0271787
0.0240427
0.0175093
0.013328
0.0193387
0.021952
0.0256107
0.0263947
0.0300533
0.032144
0.0347573
0.029008
0.0253493
0.021168
0.0190773
0.0154187
0.0209067
0.0175093
0.0222133
0.0269173
0.0347573
0.03528
0.0324053
0.0331893
0.0324053
0.0269173
0.02352
0.0190773
0.0185547
0.0182933
0.0237813
0.02744
0.0308373
0.03136
0.0316213
0.0271787
0.0248267
0.020384
0.0198613
0.016464
0.014896
0.018032
0.0292693
0.0292693
0.0365867
0.0405067
0.0358027
0.0347573
0.0324053
0.0271787
0.017248
0.0196
0.0175093
0.0224747
0.025872
0.032144
0.0347573
0.033712
0.032928
0.0316213
0.0295307
0.0232587
0.0198613
0.0130667
0.0146347
0.018816
0.0279627
0.0287467
0.0326667
0.0334507
0.0334507
0.0331893
0.028224
0.0232587
0.020384
0.0107147
0.013328
0.0214293
0.0253493
0.0248267
0.0318827
0.0331893
0.0331893
0.0318827
0.0287467
0.0256107
0.0190773
0.0151573
0.016464
0.0216907
0.0284853
0.0287467
0.0331893
0.03528
0.0350187
0.0308373
0.0300533
0.0237813
0.018032
0.0214293
0.018816
0.018816
0.0261333
0.0277013
0.0308373
0.036064
0.03136
0.0263947
0.022736
0.0196
0.0135893
0.0151573
0.01176
0.01568
0.0209067
0.0271787
0.0339733
0.0326667
0.030576
0.028224
0.0248267
0.0216907
0.0151573
0.0151573
0.013328
0.0175093
0.0277013
0.0358027
0.0334507
0.036064
0.036064
0.0358027
0.032928
0.0256107
0.025088
0.0190773
0.0216907
0.0182933
0.02352
0.028224
0.0287467
0.0324053
0.0300533
0.029792
0.0261333
0.014896
0.017248
0.0104533
0.0114987
0.0143733
0.0229973
0.0287467
0.0324053
0.032928
0.0316213
0.0287467
0.025088
0.0201227
0.0159413
0.0167253
0.018032
0.017248
0.020384
0.0271787
0.029792
0.030576
0.0295307
0.0271787
0.0232587
0.0209067
0.0143733
0.013328
0.014112
0.0146347
0.025872
0.03136
0.032928
0.0365867
0.036848
0.033712
0.025872
0.020384
0.0169867
0.0154187
0.0146347
0.021168
0.024304
0.0295307
0.03528
0.0355413
0.0355413
0.033712
0.032144
0.0261333
0.021168
0.0214293
0.0232587
0.0248267
0.0263947
0.024304
0.029008
0.0295307
0.0310987
0.0303147
0.0279627
0.0237813
0.0193387
0.01568
0.018032
0.0206453
0.0253493
0.0292693
0.032928
0.029008
0.0347573
0.030576
0.0287467
0.0237813
0.0222133
0.0154187
0.016464
0.018816
0.0253493
0.0295307
0.0326667
0.034496
0.0350187
0.0331893
0.0279627
0.0237813
0.0190773
0.013328
0.0162027
0.025872
0.025872
0.02744
0.0300533
0.0308373
0.0324053
0.0300533
0.029008
0.021952
0.0196
0.016464
0.0182933
0.0196
0.0263947
0.0310987
0.0363253
0.0378933
0.038416
0.0365867
0.0326667
0.029008
0.024304
0.0256107
0.0269173
0.0263947
0.0263947
0.030576
0.0347573
0.037632
0.036848
0.0316213
0.02744
0.0253493
0.0222133
0.0185547
0.0138507
0.021168
0.0263947
0.029008
0.034496
0.034496
0.0318827
0.0308373
0.0295307
0.024304
0.013328
0.0196
0.014112
0.0159413
0.0196
0.0245653
0.032928
0.0355413
0.0324053
0.0300533
0.0279627
0.021952
0.0198613
0.0122827
0.018032
0.021952
0.024304
0.0303147
0.0287467
0.0334507
0.03136
0.0318827
0.0284853
0.024304
0.0253493
0.0185547
0.0193387
0.0279627
0.0300533
0.032928
0.0342347
0.038416
0.0373707
0.03528
0.0292693
0.0232587
0.020384
0.020384
0.0175093
0.0177707
0.0263947
0.028224
0.0363253
0.0334507
0.0326667
0.0277013
0.0237813
0.0193387
0.0169867
0.014112
0.0177707
0.0190773
0.0198613
0.0263947
0.0334507
0.0316213
0.0347573
0.030576
0.025872
0.022736
0.0232587
0.018032
0.0261333
0.0216907
0.0253493
0.0269173
0.0324053
0.0334507
0.03528
0.0347573
0.0284853
0.0237813
0.0201227
0.016464
0.0169867
0.0248267
0.025872
0.032928
0.0347573
0.0350187
0.0365867
0.0347573
0.029008
0.0263947
0.0222133
0.0263947
0.0201227
0.02744
0.0287467
0.029008
0.0326667
0.0389387
0.0334507
0.0292693
0.0292693
0.0248267
0.0190773
0.0177707
0.0167253
0.0263947
0.029792
0.0324053
0.0363253
0.03528
0.0394613
