0.0246368
0.0237851
0.0280413
0.0285566
0.0281006
0.0254164
0.0261879
0.0322728
0.0381104
0.0409733
0.0393364
0.0332795
0.0258778
0.0238321
0.0279965
0.0275246
0.0285087
0.0276322
0.0293539
0.0294845
0.0294978
0.0305113
0.0298888
0.0299873
0.0291727
0.0246023
0.02257
0.0289961
0.0322765
0.0329689
0.0338266
0.0291523
0.0271198
0.0238881
0.0287002
0.0309116
0.0307562
0.027303
0.0263523
0.030146
0.0313738
0.0321632
0.0270513
0.0247521
0.0198772
0.0177314
0.0232521
0.0238711
0.0235628
0.0226358
0.0240019
0.0266452
0.0271845
0.0253908
0.0207048
0.0236458
0.0207305
0.0179912
0.0199552
0.0210305
0.0203497
0.0200116
0.023284
0.0244646
0.0204884
0.020305
0.0262523
0.030062
0.0277861
0.0223637
0.0181641
0.0199525
0.016977
0.0174073
0.0116543
0.0146573
0.0131642
0.0157405
0.0184827
0.0192463
0.0189643
0.0197667
0.0237908
0.0239082
0.0223836
0.0207873
0.0241248
0.0257032
0.0219026
0.0174074
0.0174073
0.0174893
0.0120306
0.0135032
0.011261
0.0157989
0.0158833
0.0169698
0.0187223
0.0213267
0.0202861
0.01702
0.0154583
0.013402
0.0138697
0.0150277
0.0147895
0.0167625
0.0126583
0.00682254
0.00713779
0.00667469
0.0032046
0.00414944
0.00526353
0.00726366
0.0092579
0.0103335
0.0155622
0.0203922
0.020366
0.0143433
0.0135779
0.0155168
0.0180257
0.0188122
0.0174947
0.013529
0.0111232
0.00895131
0.00123234
-0.00279866
-0.00150454
0.00170162
0.00258196
0.00523042
0.00674255
0.0100751
0.0122477
0.0118266
0.0122771
0.0125807
0.0118594
0.00932825
0.0111101
0.0123074
0.0115573
0.00733922
0.00686128
0.00674802
0.00478042
0.00320272
0.00455579
0.00956958
0.0107209
0.0111047
0.0102884
0.013528
0.0123514
0.00813313
0.00772914
0.00618308
0.0049758
0.00272126
0.0013262
0.00250765
0.00468483
0.00181116
0.000172992
0.00518793
0.00839977
0.00798508
0.00943194
0.0104496
0.0111095
0.00951977
0.0130162
0.014704
0.0153877
0.0121527
0.00881616
0.00659614
0.00538462
0.00502478
0.00395253
0.00585782
0.0046224
0.00199341
0.00400966
0.00848393
0.00944994
0.00764845
0.00541178
0.00515393
0.00379953
0.00662001
0.00933279
0.0109224
0.0101419
0.00987355
0.00988132
0.00994078
0.0102158
0.0100626
0.00885268
0.00792412
0.00595475
0.00560113
0.0093666
0.0105981
0.00954141
0.00514153
0.00217947
0.00251542
0.00210072
0.00484862
0.00406062
0.0028261
0.00451361
0.00841026
0.0107334
0.0139069
0.01516
0.0161686
0.0146052
0.0131286
0.00943822
0.0079535
0.0120847
0.0121568
0.00944673
0.00873404
0.00661
0.0114815
0.0102178
0.0134344
0.0102157
0.00805992
0.00707076
0.00859963
0.00909531
0.00904483
0.0142341
0.0172903
0.0158359
0.011626
0.00925635
0.0112971
0.0132192
0.01678
0.0157557
0.0192535
0.0147154
0.0154266
0.0136936
0.0150559
0.0148219
0.0138343
0.00901262
0.00525613
0.00413133
0.00757842
0.0139858
0.0174023
0.0162024
0.0120579
0.00945721
0.0113993
0.0106363
0.0149572
0.0151815
0.0174922
0.0129855
0.00852635
0.0120875
0.0139915
0.0160404
0.0163262
0.0153313
0.0104372
0.00519601
0.0127057
0.0142187
0.0185597
0.0165835
0.0143426
0.0122732
0.0127079
0.0135338
0.0131258
0.0130066
0.0139514
0.0130671
0.0101184
0.0121405
0.016486
0.0196973
0.0211363
0.0177633
0.0124992
0.0138844
0.0180503
0.0175313
0.018705
0.0191251
0.0178633
0.0173415
0.0182019
0.0192236
0.0197441
0.0176197
0.0136408
0.0151508
0.0158065
0.0171773
0.0205572
0.0237448
0.0203412
0.0146536
0.0187774
0.0213987
0.0209866
0.0212284
0.0184889
0.0205573
0.0188775
0.0195083
0.0192124
0.0228403
0.0218801
0.0190568
0.0168718
0.0190668
0.023974
0.0244743
0.0233844
0.0245896
0.0234765
0.020743
0.02144
0.0240277
0.0241642
0.0194897
0.015189
0.0199226
0.0230774
0.0257396
0.0237987
0.0213249
0.023338
0.0224421
0.0183031
0.0213973
0.0269305
0.0260971
0.0259757
0.0296931
0.0329818
0.0339366
0.0340316
0.0291015
0.0267517
0.0226877
0.0202264
0.0238151
0.0252608
0.0263366
0.028413
0.0256745
0.0234526
0.0200127
0.022851
0.025134
0.0266874
0.027984
0.0279041
0.0253223
0.0291643
0.0352692
0.0356337
0.0341785
0.0321565
0.030734
0.0307684
0.0309649
0.0292512
0.0295233
0.0286113
0.0272076
0.0225264
0.0189913
0.0225325
0.0253863
0.0272332
0.0277256
0.0205582
0.0140983
0.0126722
0.0208106
0.0268466
0.0319963
0.032275
0.0291898
0.0303349
0.0306351
0.0271561
0.024027
0.0232849
0.0225397
0.023095
0.024207
0.0217873
0.0217375
0.0283885
0.027501
0.0215653
0.0152919
0.0149761
0.0171013
0.0233598
0.0269857
0.0294522
0.0295798
0.0272463
0.0243885
0.0214107
0.0197642
0.0184449
0.0180587
0.0205358
0.0221009
0.0185758
0.0171547
0.0229234
0.0245956
0.0210318
0.0146007
0.019177
0.0220338
0.0214711
0.0261433
0.027791
0.0309586
0.0251174
0.0202598
0.0169323
0.0203377
0.0181245
0.0147327
0.0150451
0.0134541
0.0120388
0.0156076
0.0194516
0.0168741
0.010784
0.00640018
0.0124349
0.015038
0.0197417
0.0206584
0.0223369
0.0213158
0.018277
0.012512
0.0109033
0.0160311
0.0147419
0.0146216
0.00842761
0.00456387
0.00998447
0.0139773
0.016134
0.0131682
0.00854429
0.00492216
0.00448084
0.00665396
0.0102305
0.0130198
0.0128571
0.0121656
0.0118356
0.0123729
0.0193201
0.022147
0.0207077
0.0188583
0.00902756
0.00439243
0.0066475
0.00609046
0.00236191
0.00115338
-0.00013913
0.0001838
0.00180828
0.00270453
0.00240216
0.00528061
0.00733827
0.0100515
0.0106855
0.00936397
0.0134845
0.0176244
0.0194186
0.0191049
0.0144566
0.00646951
0.00124669
-0.00150283
-0.00233345
-0.00182026
-0.0031876
-0.00271701
-0.00102513
-0.00131787
-0.00132171
0.0038695
0.00551277
0.00520439
0.00484578
0.000663518
0.000131792
0.00593688
0.00884236
0.00893445
0.00793024
0.00151977
-0.00173411
0.000991297
0.00488855
0.00437693
0.00516789
0.000116275
-0.00432433
-0.00551863
-0.00222555
3.04107e-05
0.000590531
0.00190127
0.000149858
-0.00279084
-0.00398428
0.00296523
0.00673923
0.00648854
0.00356002
0.0029765
0.00451493
0.00545307
0.00427081
0.00320055
0.00387879
-0.00216479
-0.00667951
-0.00197793
0.000634337
0.00212461
0.00495349
0.0075343
0.00516253
0.00141233
0.00619289
0.00553591
0.00628837
0.00530752
0.00632359
0.0114551
0.0125621
0.0069109
0.00082184
0.00852998
0.00579777
0.00265603
0.00339794
0.00714036
0.00842463
0.00693908
0.01152
0.0114565
0.00999368
0.00458489
0.00628576
0.00719884
0.00618754
0.00382966
0.00734577
0.0101938
0.0053642
0.00155271
0.00722452
0.0142143
0.0131956
0.0117527
0.00861824
0.0101874
0.00896306
0.00811032
0.00676396
0.00597498
0.00815749
0.00663128
0.0063566
0.00567282
0.00678466
0.0082894
0.0106399
0.00852185
-0.00103202
0.00382857
0.00786732
0.00916152
0.0142795
0.0114924
0.0101162
0.00419729
0.00752965
0.00571479
0.0110538
0.00827892
0.0073371
0.00834589
0.011104
0.00984754
0.0082143
0.0115297
0.0131209
0.00843508
0.0030216
0.00720072
0.0103462
0.00977335
0.0146968
0.0123372
0.0139779
0.0107685
0.0141214
0.010016
0.0120048
0.0106506
0.012586
0.0127508
0.0129819
0.0139972
0.0171741
0.0197074
0.0150389
0.00707089
0.0122826
0.0163258
0.0154712
0.0151894
0.0148115
0.0172366
0.0178162
0.0206524
0.0147539
0.0122274
0.00933154
0.0100089
0.0159168
0.0173013
0.0182456
0.020593
0.0211117
0.0166275
0.0157905
0.0122579
0.0164782
0.0200283
0.0240986
0.0287665
0.0304965
0.0364354
0.0392964
0.0388733
0.0309914
0.0295151
0.0382876
0.0452103
0.0472483
0.0473038
0.0476538
0.0492979
0.0416601
0.0296991
0.0254668
0.0213534
0.0186721
0.0168973
0.0231022
0.0285464
0.0321651
0.0372378
0.0395052
0.0436434
0.0438251
0.0385041
0.0459293
0.0570094
0.0554397
0.0517541
0.0493281
0.0500407
0.045329
0.0399742
0.032289
0.0263076
0.0237246
0.0165649
0.0176663
0.0175931
0.0183567
0.0159347
0.0162938
0.0200716
0.0226672
0.0238431
0.0244183
0.0248172
0.0266682
0.0235666
0.0220643
0.0223212
0.0229576
0.0208004
0.0205405
0.020567
0.0210824
0.020946
0.0224742
0.0183352
0.0184338
0.019672
0.0196921
0.0196645
0.0210853
0.0261364
0.0273345
0.0245525
0.023375
0.0252567
0.026056
0.0245966
0.0250434
0.0211211
0.0194668
0.0219493
0.0241688
0.0260055
0.0260788
0.0203776
0.0200746
0.0230054
0.0244225
0.0246428
0.0288611
0.0323817
0.035188
0.0310992
0.0279454
0.0343625
0.0377915
0.0338331
0.0299818
0.0252528
0.0265407
0.0265832
0.0307202
0.0301195
0.0295578
0.0218027
0.0226442
0.0229521
0.0236274
0.0232397
0.0259038
0.0298105
0.0307969
0.0302186
0.0320446
0.0345745
0.0344409
0.028551
0.0242832
0.0259364
0.026195
0.0231939
0.0253488
0.0261146
0.0268001
0.0235171
0.0226533
0.0162791
0.0145326
0.015654
0.0154091
0.0177028
0.0182222
0.0209389
0.0229589
0.0243405
0.0213964
0.0194216
0.017776
0.0114293
0.00958486
0.0104611
0.0124197
0.0139395
0.016707
0.0211879
0.0222278
0.0173953
0.012253
0.0136169
0.0102959
0.0116223
0.0125911
0.0157837
0.0161872
0.0175747
0.0185483
0.0192245
0.0187334
0.0160328
0.011322
0.0087778
0.0113527
0.0136929
0.0174287
0.0195343
0.0202769
0.0175305
0.0157252
0.0171633
0.0126833
0.00956863
0.00908387
0.0120458
0.0109464
0.0110553
0.0126981
0.0155076
0.0154779
0.0175682
0.0141591
0.014038
0.0149937
0.0188024
0.0179165
0.018035
0.0138026
0.0114071
0.0118945
0.0127407
0.0110993
0.00483315
0.00266396
0.00537124
0.00477499
0.00770276
0.010353
0.0139833
0.00870511
0.00314716
0.00729224
0.0085787
0.00733649
0.00741666
0.00616996
0.00822283
0.00587763
0.00822144
0.00807361
0.00989352
0.00641902
0.00285868
0.00290781
0.00304778
0.00635888
0.00787415
0.00859305
0.0105568
0.010465
0.00755302
0.00739785
0.00650637
0.00171685
0.00284099
0.00457291
0.0051273
0.00518398
0.00553333
0.00684905
0.00696993
0.00270072
0.00265378
0.00716896
0.00844139
0.00330258
-0.00258103
-0.00114699
0.00227633
0.0047578
0.0047731
0.00568489
0.0058855
0.00330789
0.00661072
0.0108815
0.0126082
0.00985515
0.00454945
0.00660669
0.00517426
0.0042113
0.00749798
0.0123593
0.0145955
0.00379517
-0.00237183
0.00332935
0.00614966
0.00610062
0.00547403
0.00441206
0.00325954
0.00324875
0.00710147
0.0109817
0.013881
0.0105491
0.00875927
0.00906389
0.00716083
0.00875081
0.0119455
0.0110019
0.0113668
0.00744361
0.00700108
0.0106915
0.01407
0.0143028
0.0152227
0.0114753
0.0101142
0.0112425
0.0109005
0.010743
0.0146714
0.0132125
0.0100261
0.0100511
0.00743876
0.00610599
0.00815303
0.00573248
0.00634343
0.0099254
0.0117195
0.0144603
0.0131071
0.0075428
0.0113435
0.0121523
0.0097834
0.0103398
0.0109075
0.0131581
0.0150526
0.0177175
0.0131332
0.0149983
0.0118133
0.00558418
0.00776182
0.00674034
0.00109105
0.00350658
0.00895071
0.0129475
0.0131977
0.00968311
0.0121859
0.015774
0.0153256
0.0137612
0.012877
0.0141377
0.0116747
0.0130676
0.012649
0.0173084
0.0165634
0.0165445
0.0156116
0.0136681
0.00951487
0.00592722
0.00994597
0.0127607
0.0144041
0.0115769
0.010068
0.0164356
0.0187193
0.0208342
0.0186528
0.014699
0.0109827
0.00868445
0.0132927
0.0147972
0.0172096
0.0167945
0.0170047
0.016886
0.0139079
0.0120303
0.0128033
0.014336
0.0147011
0.0124167
0.00912581
0.0134923
0.0178576
0.020662
0.0221655
0.0211173
0.0180549
0.0163573
0.0208379
0.0215359
0.0218506
0.0189086
0.018973
0.0169874
0.00976413
0.0139745
0.0185448
0.0178369
0.0172173
0.0171509
0.017729
0.0142321
0.0153375
0.017168
0.0167393
0.0137101
0.00965337
0.0103783
0.0113346
0.0128675
0.011541
0.00453464
0.00272307
-0.000431029
-0.00393981
0.00484053
0.0161416
0.0213207
0.0237927
0.0229344
0.0243205
0.0239496
0.0223094
0.0166886
0.0138973
0.0104828
0.0044513
0.00350445
0.00622134
0.0093195
0.0103304
0.00719464
0.00344049
0.00214477
0.00517997
0.00977002
0.0148875
0.0182666
0.0185539
0.0196157
0.0248429
0.0272136
0.0269002
0.0259701
0.0237068
0.0231606
0.0213122
0.0200082
0.0165344
0.020393
0.0211606
0.0213816
0.0228952
0.0223663
0.0241622
0.024365
0.0273065
0.0254216
0.0227293
0.0233871
0.0236846
0.0240907
0.0238585
0.0217917
0.0212472
0.0205001
0.0239738
0.0226093
0.0229117
0.023987
0.0231739
0.0217282
0.0232671
0.0234081
0.0241972
0.0241958
0.0233543
0.0250106
0.023982
0.0200525
0.0193362
0.0232044
0.022828
0.0228957
0.0190716
0.0205884
0.0230656
0.0236388
0.0243202
0.0266929
0.0262738
0.0220341
0.0215861
0.0225204
0.0245558
0.0251235
0.021534
0.01958
0.0175578
0.0189518
0.0216423
0.0236435
0.0202408
0.0182234
0.0177212
0.0192956
0.0205132
0.021447
0.019972
0.0206148
0.0162701
0.0153768
0.0163454
0.0184498
0.0181839
0.01636
0.0124447
0.014496
0.0185076
0.0199138
0.0222009
0.0228504
0.0175037
0.0133194
0.0177883
0.0163719
0.0170876
0.0178611
0.0167614
0.0173678
0.0150972
0.0139649
0.0170011
0.0199643
0.0170022
0.0105036
0.0087706
0.0139155
0.014576
0.0176357
0.0167564
0.0162989
0.0141173
0.0120055
0.00943473
0.0103054
0.0126068
0.0106146
0.0105907
0.0114201
0.0134198
0.0116693
0.0119111
0.0139663
0.0136055
0.00544819
0.0039113
0.00996498
0.0136138
0.0144155
0.0138925
0.0156625
0.0159301
0.011752
0.00629937
0.0089471
0.00795436
0.00451829
0.00402976
0.00776782
0.0103679
0.00743649
0.00648407
0.00884003
0.0104559
0.00769902
0.00755316
0.0106046
0.011791
0.0078619
0.00744962
0.0127801
0.0121268
0.00508033
0.0075826
0.00915722
0.00925494
0.00411064
0.00275188
0.00769744
0.0073149
0.0066513
0.00411789
0.00994761
0.00983888
0.00766262
0.0112656
0.0166488
0.016643
0.0103624
0.00858774
0.00987415
0.00713863
0.000513855
0.000802804
0.00127288
-0.00171292
-0.000530556
0.0020094
0.00727029
0.00707438
0.00681975
0.00285839
0.0053789
0.00328378
0.00218855
0.00463561
0.00645501
0.00475762
0.00621809
0.0104079
0.0126619
0.009151
0.00376171
0.00174872
-0.00110393
-0.00525412
-0.00131701
0.00407086
0.00680805
0.00824194
0.00794767
0.00671354
0.00666813
0.00841508
0.0089011
0.00874407
0.00670602
0.00235203
0.00566962
0.00962826
0.0119247
0.0113923
0.00712824
0.00671494
0.00583955
0.00417417
0.00572235
0.00579353
0.00626375
0.00645291
0.00879034
