0.0174548
0.01762
0.0165807
0.0124922
0.0106818
0.0108156
0.0106153
0.0113088
0.0122476
0.0136021
0.0154986
0.0176892
0.0198022
0.0221078
0.0244203
0.0306503
0.0331637
0.0334669
0.0339376
0.0339231
0.033229
0.0328403
0.0315808
0.0288597
0.0260305
0.023306
0.021151
0.0187443
0.0176084
0.0176784
0.0194351
0.0279033
0.0402368
0.0466915
0.0514655
0.0532753
0.0576205
0.05757
0.056769
0.0528984
0.0478771
0.0438652
0.0418984
0.0396061
0.0380289
0.0371482
0.0354227
0.0327099
0.0288291
0.025883
0.0234492
0.0217244
0.0203974
0.0205904
0.022021
0.0304126
0.0426047
0.0480388
0.0534626
0.0560424
0.0586937
0.0575641
0.0562158
0.0506583
0.045206
0.0419058
0.0394525
0.0386646
0.036859
0.0376355
0.0361456
0.0338061
0.0315919
0.0285611
0.0261037
0.0239345
0.0223241
0.0212466
0.0227075
0.0304671
0.042735
0.0478816
0.0476148
0.0482613
0.0559048
0.0498887
0.0382378
0.0352014
0.0315722
0.0289788
0.0281924
0.0258516
0.0252429
0.0243209
0.0231007
0.021286
0.0180524
0.0161144
0.0149493
0.0133496
0.0131226
0.0137892
0.0151771
0.0210178
0.0305815
0.0347619
0.0377518
0.0377413
0.0391482
0.039796
0.0381635
0.0347188
0.0312362
0.028963
0.0272894
0.0251695
0.0240668
0.0229611
0.0217222
0.0200413
0.01783
0.0156631
0.0143958
0.0131565
0.0124502
0.0122865
0.0144481
0.0206757
0.0294186
0.0328926
0.0356993
0.03518
0.0341096
0.0371915
0.0351906
0.0297966
0.0255672
0.0240008
0.0240604
0.0231504
0.0220247
0.0217763
0.0209625
0.0199888
0.0184786
0.0170051
0.0159595
0.0137673
0.0131483
0.0126576
0.0120752
0.0129494
0.0147623
0.0169844
0.0186559
0.0201523
0.0221334
0.0229459
0.0240435
0.0232588
0.0226295
0.0217734
0.02276
0.0215539
0.0214078
0.0212009
0.0215606
0.0228413
0.0210573
0.0189408
0.0176104
0.015915
0.0133961
0.0121884
0.0116403
0.0119188
0.0136176
0.0154804
0.0183502
0.0210054
0.023014
0.0249973
0.0258296
0.0259482
0.0256265
0.0255752
0.0256036
0.0254724
0.0246961
0.0241369
0.022309
0.0199279
0.0177713
0.0167034
0.0150183
0.0140668
0.0135637
0.0133764
0.0152245
0.0232136
0.0318625
0.0354386
0.0377918
0.0382868
0.0399044
0.0404375
0.0388416
0.0341184
0.0302238
0.0284639
0.0273855
0.0255966
0.0244306
0.0228803
0.0211894
0.0197732
0.0169847
0.0155374
0.0140395
0.012802
0.0126842
0.0123176
0.015173
0.0235034
0.0322582
0.0353494
0.0432823
0.0471857
0.0488132
0.0502672
0.0485049
0.0415292
0.0351206
0.0351053
0.0326243
0.0319727
0.0309819
0.031484
0.0297726
0.0273451
0.023116
0.0205537
0.0183537
0.016745
0.0164321
0.0141591
0.0150209
0.0254551
0.0377888
0.0413106
0.0451712
0.0456084
0.0474729
0.0477108
0.0446377
0.0400567
0.0364587
0.0356667
0.0335695
0.0305576
0.0296369
0.0294718
0.027886
0.0261897
0.023015
0.0210373
0.0193656
0.0180705
0.0172423
0.0169549
0.0193062
0.0307291
0.0387044
0.0436848
0.0481529
0.0507146
0.052958
0.0522829
0.0486894
0.0438378
0.04077
0.0395578
0.0379119
0.0370766
0.0365136
0.0354319
0.0351204
0.0317993
0.0292834
0.0267341
0.0251362
0.0235942
0.0225323
0.0213075
0.0245494
0.0332669
0.0419805
0.0376255
0.0410644
0.0402955
0.0423679
0.0409627
0.0376867
0.0319024
0.0287341
0.0269462
0.0267327
0.024812
0.0246484
0.0230365
0.0230029
0.0204702
0.0206825
0.018588
0.0175883
0.0155097
0.0153535
0.0139404
0.0145618
0.01503
0.0176344
0.0191711
0.0211895
0.0226
0.0255382
0.0259946
0.0274769
0.0254965
0.02653
0.0247503
0.0259035
0.0247819
0.025112
0.0240623
0.0236644
0.0223191
0.0204308
0.019758
0.0168457
0.0162226
0.0139987
0.0143765
0.0135787
0.0147753
0.0155209
0.0180582
0.0207917
0.0230674
0.0248332
0.0270785
0.027066
0.0272586
0.0265852
0.0263674
0.0259398
0.0251723
0.0255405
0.0248989
0.0239146
0.0214995
0.0188881
0.0170944
0.0154234
0.014236
0.0136239
0.0135388
0.0158038
0.0259179
0.033917
0.0379611
0.0412626
0.0418482
0.042815
0.0430743
0.0402484
0.0366702
0.0327413
0.0311727
0.0289485
0.0273569
0.0261851
0.0257245
0.023487
0.0213431
0.0194333
0.0181277
0.0159167
0.0142681
0.0139088
0.0136253
0.0152561
0.0249594
0.0331042
0.0377163
0.0406224
0.041085
0.0424897
0.0429318
0.0398661
0.0344873
0.0306237
0.0303489
0.0285932
0.0267487
0.0254872
0.0241814
0.0234553
0.0213777
0.0190857
0.0167326
0.0148641
0.0136328
0.0125707
0.0123989
0.0149953
0.0241908
0.0321333
0.036606
0.0396904
0.0391245
0.0433362
0.0425028
0.0391636
0.0351822
0.031513
0.0298688
0.0285024
0.0271017
0.0255903
0.0241161
0.023121
0.0208939
0.0187738
0.0173709
0.0160201
0.0144635
0.0134278
0.0135735
0.0160157
0.0255172
0.0340543
0.0373602
0.041127
0.0409032
0.0438452
0.0441515
0.0402031
0.03514
0.031152
0.0295392
0.0293804
0.0275882
0.0266606
0.0255596
0.023537
0.0208972
0.019465
0.0183931
0.0170947
0.0164314
0.016572
0.0167676
0.0191468
0.0279438
0.0363807
0.0402947
0.0433155
0.0424816
0.0437523
0.0433732
0.0395903
0.0355528
0.0316891
0.0303634
0.0285784
0.0271808
0.0249386
0.0242973
0.0235988
0.0218418
0.020002
0.0185487
0.0168162
0.0153972
0.0145264
0.0609451
0.0609972
0.06186
0.0631382
0.0650299
0.0669739
0.0683867
0.0705237
0.0720384
0.0255065
0.0245379
0.0236119
0.023889
0.0245255
0.0236217
0.0232192
0.0226447
0.0219951
0.0205039
0.0192584
0.01785
0.0168531
0.0148272
0.0135898
0.0134594
0.0132358
0.0135307
0.0134715
0.0153295
0.0176973
0.0199766
0.0220068
0.0230302
0.0245906
0.0258773
0.0256443
0.0256587
0.0259599
0.0250417
0.0243954
0.0236129
0.0217262
0.0203001
0.0189173
0.0174458
0.0156311
0.0144933
0.0136934
0.0138344
0.0158547
0.0261462
0.0341843
0.0372602
0.0393523
0.0387604
0.0419165
0.0422822
0.0392619
0.0352174
0.0301994
0.0285848
0.0271907
0.025767
0.0249778
0.0249292
0.022715
0.0210731
0.0195462
0.0180787
0.0169881
0.0156864
0.0154589
0.0135239
0.0156307
0.0252474
0.0339442
0.0376889
0.0402087
0.0392645
0.0414482
0.042861
0.0399288
0.034327
0.0300437
0.0285656
0.0268472
0.0259279
0.02444
0.0235975
0.0231175
0.0207477
0.0191069
0.017293
0.0146424
0.0128944
0.0124161
0.011983
0.0145662
0.0237715
0.0320578
0.0355779
0.0373242
0.0359228
0.0382744
0.0378368
0.0344189
0.0298277
0.0258566
0.0247868
0.0237766
0.0224124
0.0213075
0.020831
0.0197842
0.0179809
0.0164043
0.0144139
0.0129035
0.0119201
0.0115332
0.0112422
0.0143135
0.0241136
0.0328503
0.0348211
0.0364567
0.0355278
0.0374319
0.0374342
0.03456
0.0293325
0.0258473
0.0255544
0.0238719
0.0234406
0.0226751
0.0213233
0.0219382
0.0203593
0.0187274
0.0167515
0.0144641
0.0148308
0.0129382
0.0132054
0.0157845
0.0232183
0.0301026
0.0332361
0.0341516
0.0321151
0.0322984
0.0321757
0.029437
0.0253379
0.0227528
0.0200676
0.0198152
0.017977
0.0170589
0.0173807
0.016259
0.0159895
0.0145423
0.0136223
0.0128938
0.0114646
0.0115125
0.0103155
0.0112815
0.0119026
0.0123394
0.0145531
0.0145546
0.0165461
0.0164971
0.0175061
0.0178704
0.0177182
0.0174485
0.0164336
0.0174725
0.0164228
0.0164317
0.0163327
0.0151501
0.0156722
0.0136841
0.0122448
0.0127595
0.0107363
0.0111277
0.0102865
0.0102231
0.0108681
0.0112742
0.0130722
0.0134281
0.0154562
0.0146646
0.0169147
0.0161967
0.0171781
0.0154122
0.0176717
0.0158399
0.0173423
0.0167826
0.0152259
0.0144156
0.0135311
0.0124573
0.0123081
0.0110232
0.00979463
0.00929214
0.00896288
0.0109957
0.0174183
0.0240358
0.0259434
0.0288935
0.0271458
0.0291488
0.0293108
0.0270688
0.0230713
0.0203148
0.0175243
0.0177432
0.0170102
0.0174531
0.0154337
0.0156935
0.0138305
0.0139492
0.0120323
0.0121557
0.0100702
0.0107713
0.00957615
0.0124991
0.0172631
0.0237988
0.0241738
0.0274202
0.0247995
0.0277329
0.0279588
0.0248578
0.021716
0.0171987
0.0167706
0.015604
0.0156004
0.0158212
0.0146957
0.0141431
0.0134341
0.0119735
0.0119655
0.0102251
0.00983312
0.00925157
0.00877712
0.0110722
0.0166254
0.0207144
0.0223848
0.0221231
0.02191
0.0222617
0.0234734
0.0218138
0.0185901
0.0165679
0.0159503
0.0162908
0.0153286
0.0158968
0.0144374
0.0141733
0.0130836
0.0115608
0.011128
0.00961294
0.00816268
0.00854398
0.00795295
0.00888148
0.0124229
0.0154553
0.0172608
0.0178151
0.0177993
0.0187596
0.0189349
0.0173693
0.0144225
0.0131454
0.0126587
0.0131174
0.0127031
0.0123908
0.0121189
0.0115791
0.0106225
0.00997371
0.00963153
0.00882311
0.00821146
0.00753932
0.00745643
0.00811646
0.0101098
0.0114501
0.0125863
0.0123905
0.0116454
0.0117269
0.0115477
0.0107016
0.0107136
0.0105764
0.010118
0.0098053
0.00961037
0.00955666
0.00954048
0.00907841
0.00899811
0.00906189
0.00855831
0.00814761
0.00731005
0.00664205
0.00665207
0.00712641
0.0099093
0.0105264
0.0112848
0.0116606
0.0120688
0.0125484
0.0130377
0.0132697
0.0135994
0.0134884
0.0133548
0.0133439
0.0135294
0.0130129
0.01311
0.0129684
0.0125215
0.0120378
0.0115883
0.0113623
0.011208
0.0105794
0.0102204
0.0100139
0.0100408
0.0106664
0.0112303
0.0114197
0.00952671
0.00881184
0.00908059
0.00968611
0.0104333
0.0101693
0.0109429
0.0107298
0.0109855
0.0106527
0.010616
0.0104004
0.00961003
0.0093417
0.00844532
0.00760856
0.00707
0.00659489
0.00632972
0.00656286
0.00690637
0.00756213
0.00789514
0.0087552
0.00902474
0.00945293
0.00995014
0.0102738
0.0104309
0.0107662
0.0110917
0.0109375
0.0109907
0.0106233
0.0104379
0.0100911
0.00945792
0.00874946
0.00828226
0.00746883
0.00682256
0.00645002
0.00625205
0.00666913
0.00701252
0.00764943
0.00876394
0.0100622
0.0111319
0.0111393
0.011729
0.0120163
0.0115458
0.0120544
0.0127816
0.0128193
0.012298
0.0120708
0.0116964
0.0117192
0.0111215
0.0104869
0.00983095
0.00920213
0.00842288
0.00822546
0.0081748
0.008429
0.00907419
0.0102629
0.0114412
0.0126021
0.0130703
0.0141242
0.0142546
0.0135634
0.0133067
0.0131884
0.0132422
0.0131103
0.012852
0.0130186
0.0132373
0.012337
0.0114295
0.0107783
0.0105498
0.00932947
0.0086847
0.00813004
0.00763759
0.00764848
0.00859395
0.00988879
0.0111655
0.01116
0.0119994
0.0130166
0.0131671
0.0131786
0.0129423
0.0132684
0.0128495
0.0124296
0.0129274
0.0126864
0.0124774
0.0124894
0.0114468
0.0103434
0.0100911
0.00895625
0.00854929
0.00798849
0.0074191
0.00768515
0.00817696
0.00932137
0.0105138
0.0110946
0.0114313
0.0118109
0.0119515
0.012416
0.0117429
0.0112179
0.0110305
0.0107306
0.0101598
0.00998665
0.00974101
0.00947152
0.00929137
0.00884691
0.00853756
0.0079174
0.00737041
0.00693885
0.00655962
0.00657654
0.00659485
0.00692937
0.00746262
0.00844114
0.00943473
0.010331
0.0107141
0.0115428
0.0118828
0.0116392
0.0122234
0.012078
0.0123086
0.0120645
0.0122343
0.0120861
0.0111932
0.0101201
0.00958394
0.0089327
0.00838349
0.00776665
0.00758926
0.00750019
0.00759599
0.00851849
0.00904661
0.00957158
0.0103731
0.0114965
0.0122408
0.0122732
0.013065
0.0129166
0.012419
0.0124873
0.0127815
0.0129701
0.0124559
0.011884
0.0111655
0.0104428
0.00985743
0.00929497
0.00838775
0.00808665
0.00788832
0.00783467
0.00797713
0.00911254
0.0104306
0.0111737
0.011943
0.0128027
0.0136445
0.0143165
0.0144003
0.0141588
0.0140137
0.0135612
0.0133756
0.0135233
0.0127194
0.0125461
0.0116694
0.0104401
0.00973717
0.0086752
0.00786973
0.00770853
0.00738863
0.0085449
0.0130707
0.0168909
0.018649
0.0206682
0.021856
0.022918
0.0239203
0.0229822
0.0200442
0.017455
0.016425
0.016652
0.0158696
0.0144782
0.0140684
0.0140629
0.0129571
0.0116357
0.0109371
0.00980462
0.0086898
0.00860373
0.00871537
0.0106772
0.0178196
0.0238169
0.0269204
0.0292152
0.029716
0.0307075
0.0307565
0.0294431
0.0245329
0.0206271
0.0200717
0.0188146
0.0178311
0.0177943
0.0169955
0.0164503
0.0146335
0.013056
0.0122348
0.0110712
0.0100757
0.00978229
0.00957746
0.0119111
0.0194316
0.0252806
0.0272919
0.0299768
0.0306406
0.0337264
0.0330856
0.0307945
0.0251329
0.0210821
0.020233
0.0187693
0.0185591
0.0179387
0.017901
0.0167069
0.0149211
0.0133517
0.0123752
0.0108358
0.0100946
0.00941642
0.00957981
0.0116697
0.0197297
0.0260279
0.0285108
0.0314913
0.0319215
0.0332592
0.0331909
0.0295733
0.0242194
0.0206992
0.0195277
0.0192446
0.0190315
0.0192222
0.0180911
0.0171027
0.016328
0.0150787
0.0141906
0.0128342
0.0116964
0.0106446
0.0102038
0.0100646
0.0107661
0.0122599
0.0139526
0.0158177
0.0165478
0.0175813
0.018603
0.0191957
0.0190313
0.0189517
0.0187882
0.0189371
0.0182579
0.0188788
0.0182828
0.0167464
0.0160589
0.0151241
0.0139935
0.0132196
0.0122981
0.0112952
0.0109813
0.0108469
0.0111455
0.0123329
0.0144599
0.0159621
0.0175176
0.0191417
0.0203944
0.0215627
0.0227588
0.0217116
0.0219507
0.021106
0.022265
0.0208421
0.0202969
0.0189527
0.0176893
0.0168193
0.0142864
0.0131357
0.0114244
0.0115755
0.0115892
0.0139694
0.0239821
0.0307105
0.0354344
0.0379591
0.0389206
0.0405895
0.0394845
0.03794
0.0327623
0.0283673
0.027171
0.0260574
0.0246799
0.0233539
0.0226331
0.0215833
0.0194842
0.0176954
0.0160256
0.0147986
0.0133599
0.0127408
0.0128292
0.0155588
0.0243754
0.0321408
0.0355693
0.0391258
0.0396595
0.0408468
0.0414541
0.039204
0.0332068
0.029639
0.0283741
0.0271465
0.0256137
0.0243411
0.0234414
0.0220964
0.0196102
0.0178232
0.0155667
0.0140979
0.0129718
0.0123352
0.0121108
0.0147284
0.0243188
0.0313789
0.0362271
0.0388099
0.0383254
0.0405708
0.0388882
0.0363189
0.0317838
0.0284784
0.0270088
0.0260803
0.0249572
0.0237877
0.0236291
0.0222572
0.0191378
0.0171028
0.0154392
0.014128
0.0129138
0.0122469
0.0126872
0.0154865
0.025253
0.0323391
0.0359792
0.0386088
0.0384673
0.0403562
0.0415449
0.0371833
0.0316844
0.0270788
0.0256385
0.0249417
0.0241141
0.0230794
0.0213571
0.0201149
0.019351
0.0173581
0.0150913
0.0135895
0.0122187
