0.0177736
0.0179417
0.0168835
0.0127203
0.0108768
0.0110131
0.0108092
0.0115153
0.0124713
0.0138505
0.0157817
0.0180123
0.0201638
0.0225115
0.0248663
0.0312101
0.0337693
0.0340781
0.0345573
0.0345426
0.0338358
0.03344
0.0321575
0.0293868
0.0265059
0.0237316
0.0215373
0.0190866
0.01793
0.0180012
0.01979
0.0284128
0.0409716
0.0475442
0.0524054
0.0542481
0.0586728
0.0586213
0.0578057
0.0538644
0.0487514
0.0446663
0.0426636
0.0403294
0.0387234
0.0378266
0.0360695
0.0333073
0.0293555
0.0263557
0.0238774
0.0221212
0.0207699
0.0209664
0.0224232
0.030968
0.0433827
0.0489161
0.0544389
0.0570658
0.0597655
0.0586153
0.0572424
0.0515834
0.0460315
0.042671
0.040173
0.0393707
0.0375322
0.0383228
0.0368057
0.0344234
0.0321688
0.0290827
0.0265804
0.0243716
0.0227317
0.0216346
0.0231222
0.0310235
0.0435154
0.048756
0.0484843
0.0491426
0.0569257
0.0507997
0.0389361
0.0358442
0.0321487
0.029508
0.0287072
0.0263237
0.0257039
0.024765
0.0235226
0.0216747
0.0183821
0.0164087
0.0152223
0.0135934
0.0133622
0.014041
0.0154543
0.0214016
0.0311399
0.0353967
0.0384412
0.0384306
0.0398631
0.0405227
0.0388604
0.0353528
0.0318066
0.0294919
0.0277877
0.0256292
0.0245063
0.0233805
0.0221189
0.0204073
0.0181556
0.0159492
0.0146587
0.0133967
0.0126775
0.0125109
0.014712
0.0210533
0.0299558
0.0334933
0.0363512
0.0358224
0.0347325
0.0378707
0.0358333
0.0303408
0.0260341
0.0244391
0.0244998
0.0235731
0.0224269
0.022174
0.0213453
0.0203538
0.0188161
0.0173157
0.0162509
0.0140187
0.0133884
0.0128887
0.0122957
0.0131859
0.0150319
0.0172946
0.0189965
0.0205203
0.0225376
0.0233649
0.0244826
0.0236835
0.0230427
0.022171
0.0231756
0.0219475
0.0217987
0.021588
0.0219543
0.0232584
0.0214418
0.0192867
0.017932
0.0162057
0.0136407
0.012411
0.0118529
0.0121365
0.0138663
0.0157631
0.0186853
0.021389
0.0234343
0.0254538
0.0263013
0.0264221
0.0260945
0.0260422
0.0260712
0.0259375
0.0251471
0.0245777
0.0227164
0.0202918
0.0180958
0.0170084
0.0152925
0.0143237
0.0138114
0.0136207
0.0155025
0.0236375
0.0324443
0.0360857
0.0384819
0.038986
0.0406331
0.0411759
0.0395509
0.0347414
0.0307757
0.0289837
0.0278856
0.026064
0.0248767
0.0232981
0.0215763
0.0201343
0.0172949
0.0158211
0.0142959
0.0130358
0.0129159
0.0125426
0.0154501
0.0239327
0.0328473
0.0359949
0.0440727
0.0480474
0.0497046
0.0511851
0.0493907
0.0422876
0.0357619
0.0357464
0.03322
0.0325566
0.0315477
0.0320589
0.0303163
0.0278445
0.0235381
0.0209291
0.0186889
0.0170508
0.0167322
0.0144176
0.0152953
0.02592
0.0384789
0.042065
0.0459961
0.0464412
0.0483398
0.0485821
0.0454528
0.0407882
0.0371245
0.036318
0.0341826
0.0311157
0.0301782
0.03001
0.0283952
0.0266679
0.0234352
0.0214215
0.0197193
0.0184005
0.0175572
0.0172645
0.0196587
0.0312903
0.0394112
0.0444826
0.0490322
0.0516407
0.0539251
0.0532376
0.0495785
0.0446383
0.0415145
0.0402802
0.0386042
0.0377537
0.0371804
0.0360789
0.0357618
0.03238
0.0298182
0.0272223
0.0255952
0.024025
0.0229437
0.0216966
0.0249977
0.0338744
0.0427472
0.0383126
0.0418143
0.0410313
0.0431416
0.0417108
0.0383749
0.032485
0.0292589
0.0274382
0.0272208
0.0252651
0.0250985
0.0234572
0.0234229
0.020844
0.0210602
0.0189275
0.0179095
0.0157929
0.0156339
0.0141949
0.0148278
0.0153045
0.0179564
0.0195212
0.0215765
0.0230127
0.0260045
0.0264693
0.0279786
0.0259621
0.0270145
0.0252023
0.0263765
0.0252345
0.0255706
0.0245017
0.0240965
0.0227267
0.0208039
0.0201188
0.0171534
0.0165188
0.0142543
0.014639
0.0138266
0.0150452
0.0158043
0.018388
0.0211714
0.0234887
0.0252867
0.027573
0.0275602
0.0277564
0.0270707
0.0268489
0.0264135
0.025632
0.026007
0.0253536
0.0243513
0.0218922
0.0192331
0.0174066
0.0157051
0.0144959
0.0138727
0.0137861
0.0160924
0.0263912
0.0345364
0.0386543
0.0420161
0.0426124
0.0435969
0.0438609
0.0409834
0.0373398
0.0333392
0.0317419
0.0294772
0.0278565
0.0266633
0.0261943
0.0239159
0.0217329
0.0197882
0.0184588
0.0162074
0.0145287
0.0141628
0.0138741
0.0155347
0.0254152
0.0337088
0.0384051
0.0413642
0.0418352
0.0432656
0.0437158
0.0405942
0.0351171
0.0311829
0.0309031
0.0291154
0.0272372
0.0259526
0.0246229
0.0238836
0.0217681
0.0194343
0.0170382
0.0151356
0.0138818
0.0128002
0.0126253
0.0152692
0.0246326
0.0327201
0.0372745
0.0404152
0.039839
0.0441275
0.043279
0.0398787
0.0358246
0.0320884
0.0304142
0.0290229
0.0275966
0.0260576
0.0245565
0.0235432
0.0212755
0.0191167
0.0176881
0.0163127
0.0147277
0.013673
0.0138214
0.0163081
0.0259832
0.0346762
0.0380424
0.041878
0.0416502
0.0446458
0.0449578
0.0409373
0.0357817
0.0317209
0.0300786
0.0299169
0.028092
0.0271475
0.0260263
0.0239668
0.0212788
0.0198204
0.018729
0.0174068
0.0167315
0.0168747
0.0170738
0.0194965
0.0284541
0.0370451
0.0410305
0.0441065
0.0432574
0.0445513
0.0441653
0.0403133
0.036202
0.0322678
0.0309179
0.0291003
0.0276772
0.025394
0.024741
0.0240297
0.0222407
0.0203673
0.0188875
0.0171233
0.0156784
0.0147917
0.0142681
0.0143211
0.0151997
0.0165012
0.0184274
0.0204069
0.0218456
0.0240216
0.025564
0.0259722
0.024986
0.0240431
0.0243252
0.0249734
0.0240531
0.0236432
0.0230583
0.0223968
0.0208783
0.0196101
0.0181759
0.0171609
0.015098
0.013838
0.0137051
0.0134775
0.0137778
0.0137175
0.0156094
0.0180205
0.0203414
0.0224087
0.0234507
0.0250397
0.0263499
0.0261126
0.0261273
0.026434
0.025499
0.0248409
0.0240441
0.022123
0.0206708
0.0192627
0.0177643
0.0159166
0.0147579
0.0139435
0.0140871
0.0161442
0.0266237
0.0348085
0.0379406
0.0400709
0.0394682
0.0426819
0.0430544
0.0399789
0.0358605
0.0307509
0.0291068
0.0276872
0.0262375
0.0254339
0.0253845
0.0231299
0.0214579
0.0199031
0.0184089
0.0172984
0.0159729
0.0157412
0.0137708
0.0159161
0.0257084
0.034564
0.0383772
0.040943
0.0399816
0.0422051
0.0436437
0.040658
0.0349538
0.0305923
0.0290873
0.0273375
0.0264014
0.0248863
0.0240284
0.0235397
0.0211266
0.0194558
0.0176088
0.0149098
0.0131299
0.0126428
0.0122018
0.0148322
0.0242056
0.0326432
0.0362276
0.0380058
0.0365788
0.0389734
0.0385277
0.0350474
0.0303724
0.0263287
0.0252395
0.0242108
0.0228217
0.0216966
0.0212114
0.0201455
0.0183093
0.0167039
0.0146772
0.0131392
0.0121378
0.0117438
0.0114475
0.0145749
0.0245539
0.0334502
0.0354569
0.0371224
0.0361766
0.0381154
0.0381178
0.0351911
0.0298682
0.0263193
0.0260211
0.0243078
0.0238686
0.0230892
0.0217127
0.0223388
0.0207311
0.0190694
0.0170574
0.0147282
0.0151016
0.0131745
0.0134465
0.0160727
0.0236423
0.0306523
0.033843
0.0347753
0.0327016
0.0328883
0.0327633
0.0299746
0.0258007
0.0231683
0.020434
0.0201771
0.0183053
0.0173704
0.0176981
0.0165559
0.0162815
0.0148078
0.013871
0.0131293
0.011674
0.0117228
0.0105039
0.0114875
0.01212
0.0125647
0.0148188
0.0148204
0.0168483
0.0167984
0.0178258
0.0181967
0.0180418
0.0177671
0.0167337
0.0177915
0.0167227
0.0167318
0.016631
0.0154268
0.0159584
0.0139339
0.0124684
0.0129925
0.0109324
0.0113309
0.0104744
0.0104098
0.0110666
0.01148
0.013311
0.0136733
0.0157384
0.0149324
0.0172236
0.0164925
0.0174918
0.0156937
0.0179944
0.0161292
0.017659
0.0170891
0.015504
0.0146789
0.0137782
0.0126848
0.0125329
0.0112246
0.0099735
0.00946183
0.00912656
0.0111965
0.0177363
0.0244747
0.0264172
0.0294211
0.0276415
0.0296811
0.0298461
0.0275631
0.0234926
0.0206858
0.0178443
0.0180673
0.0173209
0.0177718
0.0157155
0.0159801
0.0140831
0.0142039
0.012252
0.0123776
0.0102541
0.010968
0.00975102
0.0127273
0.0175784
0.0242334
0.0246153
0.0279209
0.0252524
0.0282394
0.0284694
0.0253117
0.0221126
0.0175128
0.0170768
0.0158889
0.0158853
0.0161101
0.0149641
0.0144014
0.0136795
0.0121922
0.012184
0.0104119
0.0100127
0.00942051
0.00893741
0.0112744
0.016929
0.0210926
0.0227935
0.0225271
0.0223101
0.0226683
0.0239021
0.0222121
0.0189296
0.0168705
0.0162416
0.0165883
0.0156085
0.0161871
0.014701
0.0144321
0.0133225
0.0117719
0.0113312
0.00978848
0.00831175
0.0087
0.00809818
0.00904367
0.0126497
0.0157376
0.0175761
0.0181405
0.0181244
0.0191022
0.0192807
0.0176865
0.0146858
0.0133855
0.0128899
0.0133569
0.0129351
0.0126171
0.0123403
0.0117905
0.0108165
0.0101558
0.00980742
0.00898423
0.00836141
0.007677
0.0075926
0.00826468
0.0102944
0.0116592
0.0128161
0.0126168
0.0118581
0.011941
0.0117586
0.0108971
0.0109092
0.0107695
0.0103028
0.00998436
0.00978587
0.00973118
0.0097147
0.0092442
0.00916243
0.00922737
0.0087146
0.0082964
0.00744355
0.00676334
0.00677355
0.00725655
0.0100903
0.0107187
0.0114909
0.0118736
0.0122892
0.0127776
0.0132758
0.0135121
0.0138477
0.0137347
0.0135986
0.0135876
0.0137765
0.0132506
0.0133494
0.0132052
0.0127502
0.0122577
0.0117999
0.0115698
0.0114127
0.0107726
0.0104071
0.0101967
0.0102241
0.0108611
0.0114354
0.0116282
0.00970068
0.00897275
0.00924642
0.009863
0.0106238
0.010355
0.0111428
0.0109258
0.0111861
0.0108472
0.0108098
0.0105904
0.00978552
0.0095123
0.00859955
0.0077475
0.00719911
0.00671532
0.00644531
0.00668271
0.00703249
0.00770022
0.00803932
0.00891508
0.00918954
0.00962556
0.0101318
0.0104614
0.0106214
0.0109628
0.0112943
0.0111372
0.0111914
0.0108173
0.0106285
0.0102753
0.00963063
0.00890924
0.0084335
0.00760522
0.00694715
0.00656781
0.00636622
0.00679092
0.00714058
0.00778912
0.00892398
0.010246
0.0113351
0.0113427
0.0119431
0.0122358
0.0117567
0.0122746
0.013015
0.0130534
0.0125226
0.0122912
0.0119099
0.0119332
0.0113246
0.0106784
0.0100105
0.00937018
0.00857669
0.00837567
0.00832409
0.00858292
0.0092399
0.0104503
0.0116501
0.0128322
0.013309
0.0143821
0.0145149
0.013811
0.0135497
0.0134293
0.013484
0.0133498
0.0130867
0.0132564
0.013479
0.0125623
0.0116383
0.0109752
0.0107425
0.00949984
0.0088433
0.00827851
0.00777706
0.00778815
0.00875089
0.0100694
0.0113694
0.0113638
0.0122186
0.0132543
0.0134075
0.0134193
0.0131786
0.0135107
0.0130842
0.0126565
0.0131635
0.0129181
0.0127053
0.0127175
0.0116558
0.0105323
0.0102754
0.0091198
0.00870541
0.00813437
0.00755458
0.00782549
0.00832629
0.00949159
0.0107058
0.0112972
0.0116401
0.0120266
0.0121698
0.0126428
0.0119574
0.0114228
0.0112319
0.0109265
0.0103453
0.010169
0.00991889
0.00964449
0.00946104
0.00900847
0.00869346
0.00806199
0.007505
0.00706556
0.00667941
0.00669664
0.00671528
0.00705591
0.0075989
0.00859529
0.00960703
0.0105197
0.0109098
0.0117536
0.0120998
0.0118518
0.0124466
0.0122985
0.0125333
0.0122848
0.0124577
0.0123068
0.0113976
0.0103049
0.00975896
0.00909582
0.00853659
0.00790848
0.00772785
0.00763715
0.0077347
0.00867405
0.00921182
0.00974638
0.0105625
0.0117064
0.0124643
0.0124973
0.0133036
0.0131525
0.0126458
0.0127153
0.0130149
0.0132069
0.0126834
0.012101
0.0113694
0.0106335
0.0100374
0.00946471
0.00854092
0.00823432
0.00803237
0.00797775
0.0081228
0.00927895
0.0106211
0.0113777
0.0121611
0.0130365
0.0138937
0.014578
0.0146632
0.0144174
0.0142696
0.0138088
0.0136198
0.0137703
0.0129517
0.0127752
0.0118825
0.0106308
0.00991498
0.00883362
0.00801344
0.0078493
0.00752356
0.00870095
0.0133094
0.0171993
0.0189895
0.0210456
0.0222552
0.0233365
0.0243571
0.0234019
0.0204102
0.0177738
0.016725
0.0169561
0.0161594
0.0147426
0.0143253
0.0143197
0.0131938
0.0118482
0.0111368
0.00998367
0.00884849
0.00876085
0.00887452
0.0108722
0.018145
0.0242519
0.027412
0.0297487
0.0302587
0.0312682
0.0313182
0.0299808
0.0249809
0.0210037
0.0204383
0.0191582
0.0181567
0.0181192
0.0173058
0.0167507
0.0149007
0.0132945
0.0124583
0.0112734
0.0102597
0.00996093
0.00975236
0.0121286
0.0197865
0.0257422
0.0277903
0.0305242
0.0312002
0.0343423
0.0336898
0.0313569
0.0255919
0.0214671
0.0206025
0.019112
0.018898
0.0182663
0.0182279
0.017012
0.0151936
0.0135956
0.0126012
0.0110337
0.0102789
0.00958838
0.00975475
0.0118828
0.02009
0.0265032
0.0290314
0.0320663
0.0325044
0.0338666
0.033797
0.0301134
0.0246617
0.0210772
0.0198844
0.019596
0.019379
0.0195732
0.0184215
0.0174151
0.0166261
0.015354
0.0144498
0.0130686
0.01191
0.010839
0.0103901
0.0102484
0.0109627
0.0124838
0.0142074
0.0161066
0.01685
0.0179024
0.0189427
0.0195462
0.0193788
0.0192977
0.0191314
0.019283
0.0185913
0.0192235
0.0186166
0.0170522
0.0163522
0.0154003
0.014249
0.0134611
0.0125227
0.0115015
0.0111818
0.011045
0.011349
0.0125581
0.0147239
0.0162536
0.0178375
0.0194913
0.0207669
0.0219565
0.0231744
0.0221081
0.0223516
0.0214914
0.0226716
0.0212228
0.0206676
0.0192988
0.0180123
0.0171264
0.0145473
0.0133756
0.0116331
0.0117869
0.0118009
0.0142245
0.0244201
0.0312713
0.0360815
0.0386522
0.0396313
0.0413307
0.0402055
0.0386328
0.0333606
0.0288854
0.0276671
0.0265332
0.0251306
0.0237803
0.0230464
0.0219774
0.01984
0.0180185
0.0163182
0.0150688
0.0136039
0.0129734
0.0130635
0.0158429
0.0248205
0.0327278
0.0362189
0.0398403
0.0403837
0.0415927
0.0422111
0.03992
0.0338132
0.0301803
0.0288923
0.0276422
0.0260814
0.0247856
0.0238695
0.0224999
0.0199683
0.0181487
0.015851
0.0143554
0.0132087
0.0125604
0.0123319
0.0149974
0.0247629
0.0319519
0.0368887
0.0395187
0.0390252
0.0413117
0.0395983
0.0369821
0.0323642
0.0289985
0.027502
0.0265566
0.025413
0.0242221
0.0240606
0.0226637
0.0194873
0.0174151
0.0157211
0.014386
0.0131496
0.0124705
0.0129189
0.0157693
0.0257141
0.0329296
0.0366363
0.0393139
0.0391698
0.0410932
0.0423036
0.0378623
0.032263
0.0275733
0.0261067
0.0253972
0.0245545
0.0235008
0.0217471
0.0204822
0.0197044
0.017675
0.0153669
0.0138377
0.0124418
