0.0298936
0.0278938
0.0268865
0.025621
0.024493
0.0244308
0.0244794
0.0235888
0.0226052
0.0222255
0.0219494
0.0210562
0.019111
0.0169617
0.0159852
0.0150783
0.0139766
0.0129763
0.0129973
0.0134393
0.0142071
0.0151673
0.0151569
0.0153161
0.0167112
0.0182548
0.0201306
0.0209946
0.0214732
0.023747
0.0263955
0.0278305
0.0281643
0.0281209
0.0267376
0.0250979
0.0239469
0.0228617
0.0200851
0.014833
0.0107628
0.00966356
0.00882358
0.00777897
0.00919487
0.0138326
0.0202735
0.026972
0.0330837
0.0390567
0.0438451
0.0459953
0.0466098
0.046712
0.0460229
0.0437378
0.0411348
0.0396496
0.0367538
0.0306068
0.0252355
0.02312
0.0212197
0.017241
0.0144344
0.0157044
0.0209594
0.0280161
0.0346952
0.0427508
0.0501421
0.0549597
0.0572423
0.0590403
0.0593359
0.0571591
0.053191
0.0498253
0.0469994
0.0444974
0.041959
0.0406695
0.0380334
0.0321867
0.0278293
0.0260398
0.0237481
0.0188439
0.0165983
0.0208651
0.0245428
0.0299253
0.0392776
0.0475577
0.0531316
0.0551022
0.0558719
0.0557253
0.0540239
0.0497667
0.0454096
0.0423661
0.0396429
0.037524
0.0365583
0.0361642
0.0338635
0.0272457
0.0211973
0.0205598
0.0186464
0.0125999
0.0137767
0.0196044
0.0241796
0.028892
0.0327074
0.0383355
0.0416707
0.042769
0.0415629
0.0414306
0.0402645
0.0367431
0.0344528
0.0329259
0.0313016
0.0291048
0.0268214
0.0258662
0.0237514
0.0190491
0.0151617
0.0135552
0.0126411
0.0103346
0.00834646
0.0107157
0.0160899
0.0200677
0.0236344
0.0294725
0.0348919
0.0374428
0.037942
0.0378959
0.0373612
0.0353547
0.0322156
0.0296992
0.0282042
0.026129
0.0240292
0.0234642
0.0217451
0.0175876
0.013817
0.011773
0.0119575
0.0122911
0.0116539
0.0133964
0.0179722
0.0213578
0.0236048
0.0256146
0.0278825
0.0279705
0.0272339
0.0263461
0.0262506
0.0257997
0.0242706
0.0232194
0.023003
0.0229554
0.0225191
0.0216934
0.0207794
0.0198672
0.0184911
0.017175
0.0160647
0.0146962
0.0132684
0.011931
0.0113014
0.0119466
0.0127388
0.0136582
0.015558
0.0176567
0.0193285
0.0203484
0.020911
0.0224014
0.023219
0.0240379
0.0250921
0.0258161
0.0258428
0.0249709
0.0240332
0.0225628
0.0213789
0.0194815
0.0157692
0.0111156
0.00789562
0.00690763
0.0080277
0.00959706
0.0119414
0.0162183
0.0214699
0.0258359
0.029435
0.0327827
0.0346318
0.0343649
0.0333969
0.0319899
0.0307089
0.0288497
0.0268874
0.0261303
0.023365
0.0182281
0.0150312
0.0140756
0.0127115
0.0104707
0.00954759
0.0104605
0.0146775
0.0190894
0.0230401
0.0296774
0.0359155
0.0395316
0.0413256
0.0431232
0.0430639
0.0413405
0.0381695
0.0354526
0.0336875
0.031744
0.0295124
0.0287748
0.0260318
0.0212192
0.0196605
0.0186795
0.0152719
0.0100868
0.00721278
0.0102207
0.0172726
0.0226023
0.0282594
0.0358209
0.041651
0.0443251
0.0459381
0.0479053
0.0476907
0.0453793
0.041814
0.0394885
0.0379169
0.0362978
0.0352347
0.0347813
0.0314478
0.024124
0.0197061
0.0182347
0.015832
0.0125692
0.0111932
0.0140744
0.0189836
0.023985
0.0301025
0.0383143
0.0444595
0.0466716
0.0481319
0.0491602
0.048649
0.0466213
0.043348
0.0410058
0.0395064
0.0374933
0.0361685
0.0359869
0.0324543
0.0270332
0.0245669
0.0228121
0.0189871
0.0146422
0.0162723
0.0209555
0.0261701
0.0308767
0.0361432
0.0430081
0.0467941
0.048882
0.0484797
0.0485316
0.0465823
0.04369
0.0412502
0.039326
0.0376839
0.0355508
0.0340758
0.0335487
0.0293477
0.0232826
0.0217093
0.0212314
0.0203964
0.0190361
0.0192056
0.0224929
0.0258408
0.0283414
0.0298674
0.0320878
0.0325123
0.0314364
0.0312939
0.030631
0.0297835
0.0279609
0.0269657
0.0267096
0.0266101
0.0260543
0.0254105
0.024578
0.0233509
0.0220468
0.0201446
0.0187232
0.0171612
0.0155208
0.0139854
0.012989
0.0131447
0.0139729
0.0148876
0.0163479
0.0182841
0.0204109
0.0220936
0.0240649
0.0254762
0.0261267
0.0265566
0.02711
0.0276622
0.0277427
0.0268814
0.0257615
0.0241905
0.0229889
0.0218463
0.0203426
0.0167268
0.0121576
0.00923113
0.0082983
0.00919882
0.0109568
0.0142685
0.0190682
0.0239736
0.0281996
0.0317735
0.0350184
0.0365768
0.0361573
0.0350112
0.0338486
0.0324178
0.0303388
0.0287841
0.028254
0.0248782
0.0193885
0.0163703
0.0151999
0.0135951
0.0105281
0.00948013
0.0125941
0.0177725
0.0220365
0.0271076
0.0338246
0.0389472
0.0406234
0.0417088
0.0427526
0.042109
0.0394132
0.0362304
0.034092
0.0322393
0.0300081
0.0285486
0.0280273
0.0250435
0.019705
0.0165602
0.0151005
0.0133523
0.00991019
0.00842338
0.0123532
0.0175237
0.0212344
0.0262727
0.0325164
0.0375165
0.0398856
0.0410039
0.0411767
0.0405997
0.0385017
0.0356448
0.0338316
0.0323837
0.0300875
0.0282291
0.0273317
0.0240745
0.0192053
0.0159566
0.0144913
0.0131436
0.00925444
0.00787927
0.0117542
0.0169419
0.0210433
0.0261301
0.0325382
0.0378264
0.0406595
0.0417546
0.0421751
0.041844
0.0388218
0.035638
0.0339789
0.0324523
0.0299633
0.0282685
0.0277257
0.0245285
0.0192926
0.0161855
0.0150631
0.0138144
0.0102046
0.00851422
0.0131593
0.0194011
0.0242287
0.0292806
0.0351806
0.0399437
0.0414848
0.0427604
0.0432534
0.0429144
0.039779
0.0361627
0.0340187
0.0321312
0.0297529
0.0279393
0.0273462
0.0245462
0.0195921
0.0161393
0.014537
0.0147205
0.0145356
0.0153144
0.0188249
0.0229824
0.0260801
0.0287727
0.031869
0.0341921
0.0340775
0.0327625
0.0314833
0.0309439
0.029484
0.0281188
0.0275532
0.027103
0.026134
0.024924
0.0236242
0.0225374
0.0213234
0.0193645
0.0173713
0.016018
0.0148168
0.0135474
0.012517
0.0126505
0.0136125
0.0146406
0.0152399
0.0164604
0.0182683
0.0196077
0.0211131
0.0226754
0.0237497
0.0244687
0.0252281
0.0258562
0.0257484
0.0251859
0.0240555
0.0227403
0.0215901
0.0208482
0.0197398
0.0161449
0.0115052
0.00898473
0.00859694
0.00915048
0.00998336
0.0117527
0.0162033
0.0214729
0.0262507
0.0302546
0.0336594
0.0347737
0.0339078
0.0331314
0.0321907
0.0308851
0.0287032
0.027055
0.026669
0.0233197
0.0178984
0.0157213
0.015807
0.0149671
0.0111037
0.0092965
0.0131542
0.0188711
0.0228613
0.0271535
0.0332279
0.0378928
0.0392699
0.0405817
0.0413456
0.0407913
0.0378911
0.0343371
0.0321068
0.030348
0.028595
0.027597
0.0273206
0.0247687
0.0194958
0.0165415
0.0155266
0.014383
0.0107972
0.0083678
0.0123576
0.017725
0.0219346
0.0269009
0.0326125
0.0374734
0.0390564
0.039465
0.0392645
0.0384169
0.0351196
0.0318663
0.0303487
0.0289106
0.0268695
0.0255257
0.0251671
0.0221385
0.0168851
0.0137574
0.0127637
0.0114662
0.0074549
0.00665588
0.0112973
0.0168082
0.0206735
0.0249206
0.0306803
0.0351024
0.0361742
0.036547
0.0363185
0.0351948
0.0324312
0.0295316
0.0275993
0.0262529
0.0245354
0.0235754
0.0237285
0.0205864
0.0152354
0.0129863
0.0124772
0.0119683
0.00901392
0.00781311
0.0125094
0.0184327
0.022081
0.0262782
0.0309651
0.0341301
0.0350507
0.0351173
0.0340288
0.0331453
0.0302327
0.0276401
0.0258286
0.0246742
0.0234062
0.0222491
0.0216684
0.0189833
0.0150147
0.0115463
0.0101964
0.0108511
0.0109602
0.0117126
0.014413
0.0178751
0.0211297
0.0231961
0.0250126
0.0259286
0.024925
0.0234427
0.0218248
0.0211005
0.0196836
0.0185329
0.0177661
0.0174526
0.0176437
0.0168652
0.0158912
0.0152353
0.0143808
0.0130953
0.0119569
0.0111354
0.0101593
0.00976016
0.00895781
0.0091196
0.00989061
0.0107181
0.0111862
0.0125452
0.013448
0.0142558
0.0146925
0.0149363
0.0162468
0.0164116
0.0166882
0.0166535
0.0163834
0.0161167
0.0153631
0.0148253
0.0139201
0.0135411
0.0126899
0.0105363
0.008131
0.00627056
0.00560065
0.00665665
0.00746065
0.00870277
0.0114398
0.0144137
0.0179812
0.0207774
0.0222461
0.0227519
0.0219092
0.0211704
0.0199092
0.019383
0.0179034
0.0169537
0.0166919
0.0146422
0.0114592
0.00976227
0.00888976
0.00828371
0.00612281
0.00516581
0.00845545
0.0124977
0.0155867
0.0190727
0.0226293
0.0255855
0.0268345
0.0273771
0.0267841
0.0254128
0.0230671
0.0206795
0.0194036
0.0184249
0.0170376
0.0162496
0.0159496
0.0142137
0.0112778
0.0099791
0.00936769
0.0084574
0.00645463
0.00554402
0.00883677
0.0129417
0.0157046
0.0181452
0.0212804
0.0233522
0.0236822
0.0238375
0.0229138
0.0219734
0.019579
0.0178216
0.0169138
0.0166824
0.0160131
0.0153593
0.0152562
0.0134712
0.0105473
0.00878218
0.00851048
0.00841742
0.00693909
0.00618686
0.00816924
0.0112144
0.0129459
0.0148243
0.017183
0.0189344
0.0190597
0.0190775
0.0186404
0.0185527
0.0170742
0.0157549
0.015553
0.0150569
0.0140304
0.0132364
0.0129565
0.0115873
0.00953628
0.0079592
0.00704233
0.00659945
0.00516508
0.00472453
0.00696628
0.00937828
0.0108794
0.0122368
0.0133173
0.0139878
0.0137609
0.0136314
0.0132617
0.012847
0.0115919
0.0107287
0.0106738
0.0106158
0.0103499
0.00991615
0.00949667
0.00862033
0.00757849
0.00680398
0.00638687
0.00603907
0.00544697
0.00560178
0.00613577
0.00679732
0.00728147
0.00802978
0.00872136
0.00912571
0.0094523
0.00974508
0.00995143
0.00987875
0.0097803
0.00965315
0.00988848
0.0102645
0.0103357
0.0103796
0.0103276
0.0092705
0.00820843
0.00786928
0.00752006
0.00740949
0.00700874
0.00658311
0.00675705
0.00791185
0.00876278
0.00948906
0.00999501
0.00984668
0.0100338
0.0100674
0.0101608
0.0103668
0.0105244
0.0103548
0.0103135
0.0106178
0.0108604
0.0111908
0.0111067
0.0106974
0.0101112
0.00916879
0.00870555
0.00872209
0.00840598
0.00811012
0.0073998
0.00678538
0.00662204
0.006428
0.00632364
0.00631403
0.00639851
0.006413
0.00698699
0.00766235
0.00828169
0.00899374
0.00940639
0.00970041
0.00982247
0.00964202
0.00919966
0.0086121
0.00793639
0.00721809
0.00638404
0.00564464
0.00520209
0.00474255
0.00427064
0.00411645
0.00431435
0.0046132
0.00513802
0.00604262
0.00669571
0.00721999
0.00803334
0.0089692
0.00959925
0.00998386
0.010225
0.0104523
0.0104348
0.010126
0.0096078
0.00922407
0.008706
0.00789827
0.00693787
0.00607473
0.00551747
0.00504715
0.00473068
0.00525172
0.00556331
0.00576911
0.00684728
0.00813953
0.00920628
0.0100086
0.0107014
0.01129
0.0114077
0.0116902
0.0119911
0.0122696
0.0118657
0.0113995
0.0110973
0.0106798
0.0100166
0.00916902
0.0084829
0.00777428
0.0066775
0.00584818
0.00632841
0.00693206
0.00721353
0.00777575
0.00877047
0.00960434
0.0100886
0.0108701
0.0115748
0.0120605
0.0118986
0.0118069
0.0120953
0.0124098
0.0123467
0.0121156
0.0116756
0.0110855
0.00995442
0.00888164
0.00835953
0.00772112
0.00671418
0.00576589
0.005737
0.00601951
0.00655766
0.00721984
0.00798801
0.00888142
0.00962959
0.00996125
0.0107569
0.0114972
0.0116614
0.0115917
0.0115399
0.0113123
0.0111269
0.0106793
0.0100337
0.00945115
0.0086393
0.00750715
0.00669245
0.00626283
0.00595874
0.00575077
0.005476
0.00548614
0.00601864
0.00642743
0.00688983
0.00762566
0.00815478
0.00846134
0.00879553
0.00909023
0.00928923
0.00924618
0.00940904
0.00964036
0.00985239
0.0097086
0.00948711
0.00921387
0.00878556
0.00832335
0.00763644
0.00682036
0.00587479
0.00516385
0.00479043
0.00464
0.00481995
0.00502669
0.00553776
0.00619126
0.00705727
0.00792968
0.0087144
0.00963528
0.0102622
0.0108838
0.0112906
0.0116795
0.011698
0.0114835
0.0111286
0.0104975
0.0097677
0.00884135
0.00817523
0.00768087
0.00672069
0.00583635
0.00543662
0.00540755
0.00542623
0.0061128
0.00671355
0.00726838
0.00807555
0.00924596
0.0103788
0.0112564
0.0118272
0.0120725
0.0123845
0.0126102
0.0124471
0.0122578
0.0118586
0.011155
0.0103766
0.00967606
0.00914053
0.00775377
0.00586088
0.00474249
0.00419779
0.00439004
0.00473779
0.00577665
0.00812076
0.010977
0.0134586
0.0150501
0.0162558
0.0175369
0.0176763
0.017266
0.0165414
0.0159862
0.0149686
0.0140399
0.0137198
0.0123476
0.0101522
0.00904374
0.00850283
0.00708231
0.00471209
0.00314967
0.00410491
0.00746938
0.0102972
0.0126661
0.0165371
0.0210391
0.0237131
0.0248271
0.0257907
0.0254078
0.0238077
0.0215242
0.0202024
0.0193559
0.0179215
0.0167367
0.0164704
0.0146961
0.0113962
0.00960101
0.00887075
0.00742886
0.00511649
0.00450887
0.00728233
0.0116639
0.0147748
0.0183952
0.0235172
0.0275117
0.0292348
0.0298533
0.030193
0.0292218
0.026849
0.0240918
0.0226049
0.0214063
0.0196531
0.0184264
0.018265
0.0158733
0.0122051
0.010785
0.0103987
0.00899385
0.00544009
0.00409584
0.00743404
0.0123675
0.0157796
0.0197807
0.025052
0.0288811
0.0304177
0.0310255
0.0311393
0.0297456
0.0269054
0.0241917
0.022527
0.0212717
0.0196145
0.018689
0.0186085
0.0162478
0.0124268
0.0101682
0.00900815
0.00858034
0.00759518
0.0077489
0.0112719
0.0157277
0.0188671
0.0212481
0.0231857
0.0238451
0.0232728
0.0230464
0.0221254
0.0211832
0.0195557
0.0187403
0.0189236
0.0192142
0.019218
0.0187056
0.0178255
0.016715
0.015613
0.0141234
0.0125375
0.0113984
0.0104803
0.00944296
0.00881253
0.00897138
0.00964114
0.0104942
0.0113313
0.0122376
0.0136793
0.0154892
0.016732
0.0178003
0.0190398
0.0197172
0.0201044
0.0202654
0.0203683
0.0202305
0.0194463
0.018389
0.0173931
0.0166982
0.01567
0.0128941
0.00917137
0.00708683
0.00600768
0.00613825
0.00735399
0.0103595
0.014256
0.0193748
0.0239698
0.0273495
0.0302143
0.0311741
0.03107
0.0301764
0.0291069
0.0276711
0.0256608
0.0244657
0.0238404
0.0208585
0.0163949
0.0139865
0.0127446
0.0110501
0.0080736
0.00738391
0.0105325
0.0164713
0.0208641
0.0251344
0.031322
0.0361642
0.0385177
0.0391194
0.0396934
0.0387959
0.0362926
0.0331373
0.0311602
0.02998
0.0279394
0.0261508
0.0256272
0.0226499
0.0178439
0.0153726
0.0139979
0.0121846
0.00900491
0.0076727
0.0109998
0.0167131
0.0210352
0.0260424
0.031792
0.0365304
0.0385055
0.0395268
0.0398485
0.0389003
0.036205
0.0328482
0.0310747
0.0298057
0.0278284
0.026272
0.0256234
0.0224333
0.0176902
0.0146933
0.0130413
0.011444
0.00799312
0.00743806
0.0115677
0.0169983
0.0207605
0.0253914
0.0315724
0.0364826
0.0384252
0.0388163
0.0389921
0.0382574
0.0357572
