0.0328295
0.034639
0.0364485
0.034122
0.0338635
0.032571
0.0286935
0.018095
0.0204215
0.014993
0.021714
0.0240405
0.0266255
0.0317955
0.0302445
0.0286935
0.0276595
0.0250745
0.0209385
0.011374
0.014476
0.012408
0.0183535
0.022231
0.027918
0.0323125
0.035156
0.032571
0.0312785
0.028435
0.024299
0.02068
0.0142175
0.0178365
0.0250745
0.026884
0.028952
0.0338635
0.0354145
0.034639
0.032571
0.03102
0.0255915
0.022748
0.023265
0.021714
0.026367
0.0261085
0.0286935
0.0286935
0.033088
0.033605
0.0281765
0.026367
0.014993
0.011374
0.0105985
0.0162855
0.017578
0.022231
0.027918
0.0292105
0.032571
0.031537
0.027401
0.0250745
0.023782
0.0193875
0.0137005
0.017578
0.023782
0.02585
0.031537
0.0338635
0.036707
0.0379995
0.0354145
0.029469
0.0261085
0.0230065
0.0168025
0.0209385
0.0152515
0.025333
0.0302445
0.0307615
0.033605
0.031537
0.028952
0.023782
0.02068
0.018612
0.0147345
0.014476
0.022748
0.0235235
0.0286935
0.030503
0.031537
0.033605
0.029986
0.024816
0.022231
0.020163
0.0090475
0.0157685
0.0193875
0.024299
0.0302445
0.0328295
0.035673
0.032054
0.03102
0.027918
0.023265
0.0199045
0.0142175
0.0183535
0.021714
0.02585
0.031537
0.033088
0.0333465
0.032571
0.0302445
0.027918
0.027918
0.0199045
0.016027
0.016027
0.020163
0.023782
0.0354145
0.0343805
0.0348975
0.038258
0.035156
0.0333465
0.0261085
0.024816
0.019646
0.0188705
0.025333
0.027918
0.0328295
0.032571
0.0354145
0.033605
0.0302445
0.0276595
0.0235235
0.0147345
0.0157685
0.013442
0.01034
0.023782
0.0297275
0.0312785
0.0338635
0.0323125
0.0276595
0.024816
0.0178365
0.016027
0.0142175
0.0188705
0.016027
0.0240405
0.029469
0.033605
0.0348975
0.033088
0.0323125
0.030503
0.025333
0.0209385
0.0199045
0.0209385
0.0255915
0.027918
0.0297275
0.03102
0.0312785
0.028952
0.029469
0.027401
0.0235235
0.021714
0.0168025
0.017578
0.019129
0.025333
0.0297275
0.031537
0.034122
0.0338635
0.033088
0.0271425
0.0255915
0.019129
0.014993
0.0209385
0.0209385
0.0266255
0.033088
0.0338635
0.03619
0.034639
0.034639
0.031537
0.0281765
0.021714
0.0209385
0.022231
0.0152515
0.023265
0.028435
0.033088
0.029986
0.033088
0.028952
0.02585
0.021714
0.013959
0.0152515
0.0142175
0.0183535
0.019646
0.027918
0.0343805
0.0343805
0.034122
0.03102
0.0255915
0.0261085
0.0204215
0.0199045
0.0204215
0.0276595
0.0276595
0.0286935
0.0328295
0.0354145
0.035156
0.030503
0.0266255
0.027918
0.022231
0.0168025
0.018612
0.022231
0.02585
0.0286935
0.0312785
0.03102
0.0323125
0.0271425
0.025333
0.018612
0.017578
0.012925
0.016027
0.02068
0.025333
0.029469
0.029986
0.032054
0.033088
0.0312785
0.027401
0.0224895
0.0152515
0.0199045
0.014476
0.0188705
0.0209385
0.028952
0.0333465
0.033605
0.032054
0.0302445
0.026367
0.021714
0.0178365
0.014476
0.019646
0.014993
0.0250745
0.0271425
0.029986
0.0312785
0.0307615
0.028952
0.024816
0.0214555
0.0173195
0.011374
0.012925
0.017578
0.021197
0.0286935
0.0286935
0.030503
0.030503
0.027401
0.027401
0.0183535
0.0147345
0.0142175
0.014476
0.020163
0.022231
0.030503
0.03619
0.0348975
0.034639
0.0312785
0.03102
0.0255915
0.019646
0.019646
0.023265
0.0209385
0.0302445
0.032054
0.032054
0.03102
0.0343805
0.028952
0.028435
0.022748
0.022231
0.01551
0.018095
0.0178365
0.024816
0.032054
0.0343805
0.0359315
0.033605
0.0343805
0.0307615
0.0261085
0.0209385
0.0219725
0.0219725
0.0193875
0.0266255
0.0286935
0.034639
0.037224
0.0379995
0.034639
0.034639
0.0276595
0.022231
0.022231
0.0199045
0.027401
0.0292105
0.0302445
0.0302445
0.03102
0.032571
0.0271425
0.0255915
0.0219725
0.013959
0.013442
0.0152515
0.019646
0.025333
0.0255915
0.026884
0.028952
0.0317955
0.027918
0.023265
0.0199045
0.010857
0.0157685
0.0188705
0.014993
0.0219725
0.0271425
0.0286935
0.028435
0.0281765
0.026884
0.0250745
0.019129
0.0131835
0.0142175
0.013959
0.0230065
0.023265
0.0276595
0.032054
0.03619
0.0348975
0.0364485
0.028952
0.023782
0.02068
0.018612
0.022748
0.0219725
0.024299
0.0281765
0.0333465
0.034122
0.0354145
0.0317955
0.028952
0.025333
0.0209385
0.0131835
0.0178365
0.0230065
0.0230065
0.027918
0.026367
0.028952
0.03102
0.028435
0.026367
0.021714
0.0142175
0.0126665
0.0168025
0.0173195
0.02585
0.02585
0.027401
0.0312785
0.0338635
0.03102
0.026884
0.0230065
0.016027
0.0142175
0.0131835
0.017578
0.024299
0.027401
0.029986
0.032571
0.0333465
0.0297275
0.027401
0.0224895
0.016027
0.0131835
0.0168025
0.016544
0.0209385
0.026367
0.029986
0.0359315
0.037741
0.032054
0.029469
0.0245575
0.018095
0.019129
0.017578
0.0188705
0.024299
0.0271425
0.0317955
0.034122
0.033088
0.03102
0.0245575
0.02068
0.014993
0.013959
0.0100815
0.013442
0.0204215
0.0271425
0.0312785
0.0359315
0.033088
0.033088
0.029986
0.0266255
0.0214555
0.0168025
0.0219725
0.024299
0.026367
0.0286935
0.033088
0.0333465
0.0333465
0.029469
0.025333
0.0245575
0.0168025
0.0131835
0.0178365
0.017578
0.022231
0.0276595
0.030503
0.032054
0.0343805
0.032054
0.028952
0.0245575
0.0183535
0.0214555
0.014993
0.0168025
0.023265
0.0307615
0.033088
0.0328295
0.034122
0.0302445
0.0240405
0.024816
0.0162855
0.0080135
0.0111155
0.019129
0.0245575
0.0307615
0.034639
0.0354145
0.034122
0.0323125
0.027918
0.02068
0.0162855
0.012408
0.017061
0.021197
0.02585
0.03102
0.0333465
0.0348975
0.0517
0.049115
0.04653
0.043945
0.0517
0.04653
0.0517
0.022231
0.024299
0.029469
0.0328295
0.034122
0.0323125
0.028952
0.029469
0.0230065
0.017578
0.0137005
0.019129
0.0204215
0.026367
0.028435
0.0323125
0.0348975
0.0348975
0.0302445
0.026367
0.023265
0.016544
0.017578
0.0142175
0.0173195
0.0245575
0.028952
0.0323125
0.033605
0.0343805
0.0302445
0.025333
0.0209385
0.016544
0.0152515
0.0188705
0.018095
0.022748
0.029469
0.0302445
0.0323125
0.035156
0.031537
0.0281765
0.022231
0.019129
0.013959
0.019129
0.01551
0.024299
0.03102
0.033088
0.0328295
0.0348975
0.027918
0.0250745
0.023782
0.0209385
0.0173195
0.0178365
0.019646
0.0235235
0.0261085
0.032571
0.0323125
0.0312785
0.029986
0.0276595
0.024299
0.017578
0.013442
0.020163
0.01551
0.023782
0.03102
0.031537
0.034639
0.032571
0.0323125
0.0281765
0.0214555
0.0168025
0.013442
0.014476
0.02068
0.023265
0.025333
0.029469
0.030503
0.0302445
0.0302445
0.0276595
0.020163
0.017578
0.012408
0.0152515
0.0168025
0.0235235
0.028952
0.032054
0.033088
0.029986
0.0343805
0.029986
0.023782
0.023782
0.0147345
0.0168025
0.0224895
0.0276595
0.031537
0.03619
0.0369655
0.0364485
0.0364485
0.035673
0.024816
0.0255915
0.020163
0.0250745
0.0224895
0.027401
0.028952
0.0354145
0.039809
0.0374825
0.0328295
0.0307615
0.003102
0.004653
0.0064625
0.0033605
0.006721
0.0033605
0.004653
0.004653
0.005687
0.0312785
0.0286935
0.0245575
0.0214555
0.0173195
0.0162855
0.0126665
0.019129
0.022748
0.027918
0.0338635
0.032571
0.03102
0.0286935
0.0250745
0.021714
0.0199045
0.018612
0.0173195
0.019646
0.026367
0.029986
0.0338635
0.03619
0.0348975
0.032054
0.0292105
0.023265
0.0162855
0.0168025
0.016544
0.014993
0.0266255
0.0292105
0.030503
0.034639
0.031537
0.0307615
0.0286935
0.0240405
0.018612
0.0162855
0.0142175
0.022231
0.026884
0.029986
0.034122
0.035673
0.034639
0.0328295
0.030503
0.023782
0.0188705
0.0193875
0.0162855
0.018095
0.024816
0.032054
0.032571
0.034122
0.029986
0.0297275
0.027401
0.021197
0.0173195
0.0188705
0.0168025
0.019646
0.023265
0.027918
0.0328295
0.0317955
0.031537
0.031537
0.026884
0.019646
0.0199045
0.0188705
0.014476
0.016027
0.0261085
0.0286935
0.0348975
0.033605
0.034639
0.030503
0.025333
0.023265
0.013442
0.0121495
0.0111155
0.0168025
0.0199045
0.0255915
0.0276595
0.0312785
0.03102
0.0302445
0.0245575
0.0168025
0.011374
0.0137005
0.0131835
0.018095
0.024299
0.0307615
0.028952
0.0343805
0.034122
0.0323125
0.029469
0.0245575
0.0230065
0.0173195
0.0183535
0.0214555
0.0266255
0.0266255
0.0323125
0.033605
0.032571
0.0312785
0.0255915
0.0199045
0.021714
0.0178365
0.0188705
0.02068
0.0230065
0.0338635
0.0323125
0.0359315
0.033605
0.034122
0.027918
0.024299
0.0209385
0.0126665
0.0188705
0.0199045
0.0199045
0.0261085
0.0317955
0.032054
0.030503
0.0307615
0.0276595
0.0235235
0.0168025
0.0214555
0.0095645
0.0173195
0.0230065
0.024299
0.0281765
0.0302445
0.029469
0.0281765
0.0240405
0.019646
0.019646
0.012408
0.0121495
0.0178365
0.0214555
0.0235235
0.0292105
0.028952
0.0297275
0.029469
0.0250745
0.0224895
0.014476
0.0168025
0.016544
0.020163
0.0245575
0.0317955
0.0323125
0.0333465
0.0343805
0.0338635
0.0297275
0.025333
0.0199045
0.0219725
0.0183535
0.0209385
0.0230065
0.0281765
0.029986
0.032054
0.029986
0.0297275
0.024816
0.0235235
0.0214555
0.0157685
0.0224895
0.0178365
0.0230065
0.026884
0.033088
0.0348975
0.0338635
0.0307615
0.0271425
0.0199045
0.0157685
0.0168025
0.0173195
0.0183535
0.0219725
0.02585
0.0323125
0.0323125
0.0323125
0.0271425
0.0276595
0.0224895
0.018612
0.018612
0.016544
0.024816
0.023782
0.0286935
0.033088
0.0338635
0.034122
0.0312785
0.026884
0.023782
0.0173195
0.0131835
0.019129
0.021714
0.025333
0.0261085
0.0297275
0.0317955
0.0343805
0.0286935
0.0250745
0.0209385
0.0188705
0.0152515
0.02068
0.0173195
0.0219725
0.0266255
0.0343805
0.0348975
0.032054
0.0328295
0.032054
0.0266255
0.023265
0.0188705
0.0183535
0.018095
0.0235235
0.0271425
0.030503
0.03102
0.0312785
0.026884
0.0245575
0.020163
0.019646
0.0162855
0.0147345
0.0178365
0.028952
0.028952
0.03619
0.0400675
0.0354145
0.0343805
0.032054
0.026884
0.017061
0.0193875
0.0173195
0.022231
0.0255915
0.0317955
0.0343805
0.0333465
0.032571
0.0312785
0.0292105
0.0230065
0.019646
0.012925
0.014476
0.018612
0.0276595
0.028435
0.0323125
0.033088
0.033088
0.0328295
0.027918
0.0230065
0.020163
0.0105985
0.0131835
0.021197
0.0250745
0.0245575
0.031537
0.0328295
0.0328295
0.031537
0.028435
0.025333
0.0188705
0.014993
0.0162855
0.0214555
0.0281765
0.028435
0.0328295
0.0348975
0.034639
0.030503
0.0297275
0.0235235
0.0178365
0.021197
0.018612
0.018612
0.02585
0.027401
0.030503
0.035673
0.03102
0.0261085
0.0224895
0.0193875
0.013442
0.014993
0.0116325
0.01551
0.02068
0.026884
0.033605
0.0323125
0.0302445
0.027918
0.0245575
0.0214555
0.014993
0.014993
0.0131835
0.0173195
0.027401
0.0354145
0.033088
0.035673
0.035673
0.0354145
0.032571
0.025333
0.024816
0.0188705
0.0214555
0.018095
0.023265
0.027918
0.028435
0.032054
0.0297275
0.029469
0.02585
0.0147345
0.017061
0.01034
0.011374
0.0142175
0.022748
0.028435
0.032054
0.032571
0.0312785
0.028435
0.024816
0.0199045
0.0157685
0.016544
0.0178365
0.017061
0.020163
0.052734
0.055319
0.0560945
0.0550605
0.052734
0.0566115
0.0519585
0.0142175
0.0131835
0.013959
0.014476
0.0255915
0.03102
0.032571
0.03619
0.0364485
0.0333465
0.0255915
0.020163
0.0168025
0.0152515
0.014476
0.0209385
0.0240405
0.0292105
0.0348975
0.035156
0.035156
0.0333465
0.0317955
0.02585
0.0209385
0.021197
0.0230065
0.0245575
0.0261085
0.0240405
0.0286935
0.0292105
0.0307615
0.029986
0.0276595
0.0235235
0.019129
0.01551
0.0178365
0.0204215
0.0250745
0.028952
0.032571
0.0286935
0.0343805
0.0302445
0.028435
0.0235235
0.0219725
0.0152515
0.0162855
0.018612
0.0250745
0.0292105
0.0323125
0.034122
0.034639
0.0328295
0.0276595
0.0235235
0.0188705
0.0131835
0.016027
0.0255915
0.0255915
0.0271425
0.0297275
0.030503
0.032054
0.0297275
0.0286935
0.021714
0.0193875
0.0162855
0.018095
0.0193875
0.0261085
0.0307615
0.0359315
0.0374825
0.0379995
0.03619
0.0323125
0.0286935
0.0240405
0.025333
0.0266255
0.0261085
0.0261085
0.0302445
0.0343805
0.037224
0.0364485
0.0312785
0.0271425
0.0250745
0.0219725
0.0183535
0.0137005
0.0209385
0.0261085
0.0286935
0.034122
0.034122
0.031537
0.030503
0.0292105
0.0240405
0.0131835
0.0193875
0.013959
0.0157685
0.0193875
0.024299
0.032571
0.035156
0.032054
0.0297275
0.0276595
0.021714
0.019646
0.0121495
0.0178365
0.021714
0.0240405
0.029986
0.028435
0.033088
0.03102
0.031537
0.0281765
0.0240405
0.0250745
0.0183535
0.019129
0.0276595
0.0297275
0.032571
0.0338635
0.0379995
0.0369655
0.0348975
0.028952
0.0230065
0.020163
0.020163
0.0173195
0.017578
0.0261085
0.027918
0.0359315
0.033088
0.0323125
0.027401
0.0235235
0.019129
0.0168025
0.013959
0.017578
0.0188705
0.019646
0.0261085
0.033088
0.0312785
0.0343805
0.0302445
0.0255915
0.0224895
0.0230065
0.0178365
0.02585
0.0214555
0.0250745
0.0266255
0.032054
0.033088
0.0348975
0.0343805
0.0281765
0.0235235
0.0199045
0.0162855
0.0168025
0.0245575
0.0255915
0.032571
0.0343805
0.034639
0.03619
0.0343805
0.0286935
0.0261085
0.0219725
0.0261085
0.0199045
0.0271425
0.028435
0.0286935
0.0323125
0.0385165
0.033088
0.028952
0.028952
0.0245575
0.0188705
0.017578
0.016544
0.0261085
0.029469
0.032054
0.0359315
0.0348975
0.0390335
