0.0267382
0.0299962
0.0343556
0.03478
0.0328673
0.0277827
0.0221063
0.0158047
0.0168783
0.0204671
0.0222887
0.0226107
0.0262304
0.0304857
0.032021
0.0339837
0.0342415
0.0312709
0.0254621
0.0207805
0.0200615
0.0236727
0.0257514
0.0271201
0.0296083
0.0315547
0.0335488
0.0316145
0.0300636
0.0253446
0.0216506
0.0145814
0.00985929
0.014149
0.0198849
0.0242241
0.0284591
0.0301829
0.0352448
0.0366793
0.0357402
0.0283939
0.0248303
0.0193682
0.0141216
0.0190601
0.0223121
0.0252773
0.0275458
0.0299096
0.0323927
0.0315498
0.0285732
0.0218914
0.0194731
0.0181597
0.0160636
0.0180516
0.0247826
0.0298418
0.0315818
0.0355267
0.0373811
0.0385176
0.0321476
0.025232
0.0202811
0.0148018
0.0123032
0.0123517
0.0179742
0.022315
0.0240693
0.0274836
0.0327197
0.0366773
0.0371397
0.0305361
0.0227809
0.0183936
0.0186098
0.0220077
0.0233467
0.0265008
0.0271968
0.0293712
0.0309605
0.0319057
0.0308963
0.0281987
0.0228225
0.0170622
0.0149199
0.016518
0.0227366
0.0274033
0.0288273
0.029598
0.029652
0.0313663
0.0305494
0.0257261
0.0178485
0.014979
0.0146881
0.0152863
0.0203691
0.0272178
0.0325964
0.034836
0.0346607
0.0371539
0.0363492
0.0300644
0.0213384
0.0170215
0.0137516
0.0150337
0.0185844
0.0248092
0.0259176
0.0282742
0.030005
0.0331843
0.0321601
0.0275024
0.020375
0.0156381
0.0142702
0.0153918
0.0228091
0.0292054
0.029819
0.0289488
0.0299818
0.0331857
0.0302606
0.0275531
0.020676
0.015847
0.0135927
0.0161625
0.0212019
0.0271407
0.0286727
0.03169
0.0324797
0.0345943
0.0342924
0.0321072
0.0267556
0.0225881
0.0191176
0.0207718
0.0273324
0.0317401
0.0329948
0.0372102
0.0375692
0.0341824
0.033737
0.0340408
0.0251492
0.014472
0.0114712
0.0124876
0.0185609
0.0254803
0.0285229
0.0324068
0.0345434
0.0343528
0.0321197
0.0318169
0.0264323
0.0176287
0.013929
0.0178184
0.0213164
0.0248314
0.0312811
0.0345932
0.0358135
0.0320395
0.0286652
0.0235917
0.0173813
0.0156611
0.0150852
0.0216793
0.023063
0.026263
0.0293508
0.0327096
0.0333573
0.0305347
0.0275205
0.0234051
0.0183456
0.014265
0.0132834
0.0177804
0.0211557
0.0258863
0.0273979
0.0304312
0.0348311
0.0363456
0.0345553
0.0320282
0.0292853
0.0225495
0.018723
0.0198933
0.0224039
0.0265695
0.0279897
0.0312229
0.033181
0.0336416
0.0311947
0.0323556
0.0292491
0.0213425
0.0190457
0.0213772
0.0258143
0.0278538
0.0290423
0.0333408
0.0341894
0.0329015
0.0289801
0.0276797
0.0248452
0.0176591
0.0114561
0.0145534
0.0192807
0.0228834
0.0293431
0.0336772
0.0375453
0.0360042
0.033592
0.0283631
0.024398
0.0207167
0.0163203
0.0189631
0.0235703
0.0282533
0.0311087
0.0318808
0.0353501
0.0353447
0.0313615
0.0234854
0.0191255
0.0165023
0.015553
0.0164717
0.0226986
0.0270605
0.0287007
0.0300184
0.0339044
0.036419
0.0349677
0.0272695
0.0207201
0.0194921
0.0165767
0.01606
0.0210449
0.0257835
0.027825
0.0317967
0.034133
0.0339563
0.0329182
0.030503
0.0251161
0.0197691
0.0163599
0.0171328
0.0219633
0.0247418
0.0268446
0.027871
0.0299505
0.0287746
0.0276333
0.0263781
0.0213667
0.0136058
0.0141504
0.0176161
0.019963
0.0236588
0.0282209
0.0295974
0.0315356
0.0325133
0.0296337
0.0253946
0.0195062
0.0126592
0.012262
0.0153167
0.0179144
0.0196215
0.0244572
0.0302907
0.0310719
0.0315388
0.0283527
0.0254354
0.0189906
0.0136702
0.00805277
0.0119032
0.0175368
0.0218487
0.0241505
0.0290679
0.0324213
0.031289
0.0286777
0.0265484
0.020601
0.0138752
0.0155211
0.0185577
0.0232561
0.0269001
0.0290091
0.0308543
0.0328431
0.0317134
0.0272049
0.0249907
0.0212464
0.013603
0.0124309
0.0180524
0.0225021
0.02447
0.0292391
0.0331476
0.0350192
0.0333514
0.0339016
0.0342996
0.0301902
0.0254817
0.0210407
0.0221909
0.0249735
0.0279475
0.0304483
0.0352668
0.0365276
0.0345464
0.0329713
0.0298889
0.0238049
0.0217344
0.0216495
0.0235267
0.026124
0.0292492
0.0335496
0.0378816
0.0394534
0.0400138
0.036369
0.028162
0.0193249
0.0154302
0.0155172
0.0162999
0.0197241
0.0243205
0.0284294
0.0313667
0.0357532
0.0359256
0.0333363
0.0302749
0.0253704
0.0170917
0.0168451
0.0193333
0.0238528
0.0241686
0.0259389
0.0267597
0.0280208
0.0286437
0.0278814
0.0229746
0.0154362
0.0107386
0.00987529
0.0147665
0.0161801
0.0171395
0.023727
0.0282463
0.0314115
0.0304477
0.0284109
0.0256845
0.0231133
0.01857
0.0146025
0.0187647
0.0209922
0.0243607
0.0257524
0.0264316
0.0309543
0.0328574
0.0308257
0.0230797
0.0179325
0.0154951
0.0171671
0.0201305
0.021638
0.024676
0.0252219
0.0316071
0.0342865
0.0377931
0.0329302
0.0268435
0.0195001
0.0168242
0.015903
0.0141472
0.0205488
0.0231163
0.0253173
0.0284824
0.0324067
0.0335814
0.0344482
0.0315325
0.0226909
0.016022
0.0130207
0.0144982
0.0195591
0.0211994
0.0230802
0.0251279
0.0275389
0.0293782
0.030392
0.0277137
0.0208926
0.015281
0.0111818
0.0114604
0.0165812
0.0223892
0.0250926
0.0280049
0.030018
0.0311284
0.030453
0.0286432
0.0226864
0.0173125
0.0134767
0.0155775
0.0206096
0.0243169
0.0287693
0.0318963
0.033687
0.0327252
0.0328308
0.028378
0.0193088
0.011716
0.00787911
0.0107879
0.0145461
0.0175841
0.0233687
0.0268188
0.0317094
0.0349644
0.0342662
0.0279919
0.0225965
0.0195539
0.0181041
0.02025
0.0235214
0.0294932
0.0327346
0.0337855
0.0350056
0.0355845
0.0298967
0.0217849
0.0173754
0.0114833
0.00871263
0.0102643
0.0164178
0.0207463
0.0240935
0.0295795
0.0324677
0.0338062
0.0330154
0.0327912
0.028399
0.0210431
0.0183714
0.0191612
0.0254259
0.027628
0.0280588
0.0298969
0.0330329
0.0346617
0.0344478
0.029531
0.0202037
0.0118858
0.00845479
0.0114917
0.0127279
0.0185458
0.0259195
0.0308146
0.035008
0.036205
0.03484
0.0292362
0.0220408
0.0161119
0.0116602
0.0132058
0.0193496
0.0261495
0.0298396
0.0305717
0.0326342
0.0346494
0.0294487
0.0243668
0.0199828
0.0154407
0.0140508
0.0189258
0.0268268
0.0301362
0.0316576
0.0327332
0.0339322
0.0356187
0.0305136
0.0257251
0.0200638
0.0148483
0.0117133
0.0152561
0.0236355
0.0270282
0.0294616
0.0339998
0.0365321
0.0372426
0.0349032
0.0319702
0.0261942
0.0190613
0.0143559
0.0158376
0.0225805
0.024904
0.0280299
0.0298583
0.0330278
0.033068
0.0306659
0.0262911
0.0214085
0.016262
0.0151576
0.0163452
0.018998
0.0244777
0.0296597
0.0319643
0.0332103
0.0336126
0.0301557
0.0277955
0.0213225
0.0143216
0.0144049
0.0163287
0.0201166
0.0252956
0.0278152
0.0309645
0.0316528
0.0317217
0.0294714
0.0279279
0.0206434
0.015057
0.0135081
0.0174265
0.0223261
0.0247434
0.0280329
0.0315706
0.0342318
0.0324907
0.0286908
0.0268034
0.0220543
0.0163947
0.014092
0.0152102
0.01913
0.022229
0.0273052
0.0313679
0.034286
0.0364071
0.0329388
0.027774
0.0225121
0.0179853
0.0136974
0.016285
0.0196421
0.0200505
0.0248379
0.0300079
0.0320753
0.031308
0.0295072
0.0261062
0.0195661
0.0129368
0.0106847
0.0172006
0.0198346
0.0223479
0.0251322
0.0284222
0.0301205
0.0324759
0.0332821
0.0287355
0.0220428
0.0152974
0.012844
0.0178554
0.0203501
0.0232975
0.026922
0.031063
0.0332152
0.0334682
0.0308177
0.0288737
0.0271772
0.0221755
0.0152436
0.0168867
0.0234116
0.0305892
0.0327396
0.0364256
0.0367008
0.0353063
0.0343028
0.0315577
0.0265275
0.0219498
0.0185909
0.0204024
0.0258263
0.0300084
0.0336797
0.0366607
0.0378266
0.0380576
0.0377984
0.0306551
0.0234528
0.0189108
0.0166612
0.0184934
0.0209656
0.0267435
0.0319656
0.033243
0.033628
0.0346309
0.0359437
0.0288219
0.0234427
0.0174112
0.015831
0.0161316
0.0197538
0.0252648
0.029375
0.0319228
0.034006
0.0338112
0.030407
0.0280165
0.0230577
0.0164694
0.0151207
0.0149616
0.0186343
0.0218609
0.026581
0.0287674
0.0311592
0.0325854
0.0320245
0.0282319
0.0208458
0.0166371
0.01515
0.0197634
0.0222765
0.0256292
0.0315811
0.0348824
0.0361025
0.0336476
0.0337773
0.0313579
0.0238633
0.0166696
0.0123306
0.0182206
0.0217242
0.0266758
0.0292244
0.0324013
0.0331429
0.0314818
0.0296471
0.0266968
0.0220932
0.015317
0.0139335
0.0185862
0.020787
0.025327
0.0324423
0.0356101
0.0360384
0.0304368
0.0301473
0.0292811
0.0236599
0.0167431
0.0133314
0.0176014
0.0179928
0.0234921
0.0277534
0.0314691
0.0345295
0.0334009
0.032194
0.0281886
0.0232733
0.0156124
0.0152724
0.0139081
0.0126391
0.0182201
0.0254967
0.0291985
0.0316885
0.0311125
0.0274126
0.0240331
0.0165484
0.0121153
0.0102633
0.0123266
0.0162114
0.0221568
0.0269024
0.029907
0.031432
0.0321111
0.0311572
0.026117
0.0177697
0.012999
0.013547
0.0177753
0.0203144
0.0238747
0.029116
0.0317119
0.0297993
0.0267057
0.0272082
0.023945
0.0177434
0.0116017
0.0110424
0.0143427
0.0181439
0.0255279
0.0291781
0.0328913
0.0350431
0.0378105
0.0354108
0.0301957
0.0260618
0.0217845
0.0186919
0.0196889
0.0197373
0.0235124
0.0249541
0.0312079
0.0315419
0.028935
0.0299051
0.0287519
0.0217793
0.0175405
0.0163231
0.0176964
0.0227107
0.0257105
0.0273778
0.0306269
0.0318907
0.0317577
0.0306762
0.0259662
0.0196964
0.0144084
0.0118724
0.0134563
0.0144787
0.0201408
0.0261682
0.0273493
0.0293733
0.0300748
0.0295968
0.024024
0.0192296
0.0121191
0.0124414
0.0115657
0.0142488
0.0213502
0.0252048
0.0280891
0.0300772
0.031615
0.028934
0.0275302
0.0229396
0.0161194
0.0149783
0.0175072
0.0211065
0.0238581
0.0270184
0.0287796
0.0294177
0.0283503
0.0251055
0.0240932
0.0226895
0.0159369
0.0135406
0.0171579
0.0206038
0.0243035
0.0309269
0.0352708
0.0373617
0.0359658
0.0322896
0.0292014
0.0264841
0.0203076
0.0143535
0.0144639
0.0189936
0.020157
0.0237219
0.0296398
0.0323798
0.0330139
0.0299246
0.0244469
0.0196696
0.0169561
0.0155378
0.0185735
0.0215748
0.0241328
0.0278405
0.031882
0.0359276
0.0375716
0.0326395
0.0236976
0.0196172
0.0165442
0.0148363
0.0146358
0.01808
0.0236231
0.0262142
0.0279677
0.032389
0.0341873
0.0296667
0.0247594
0.0237928
0.0177455
0.014039
0.0172336
0.0243291
0.0260248
0.0265454
0.0278207
0.0310898
0.0323696
0.0323024
0.0297002
0.0243411
0.020493
0.0184458
0.0208886
0.0246669
0.0262714
0.0278092
0.0301995
0.0313949
0.0308334
0.0287676
0.0256571
0.0194937
0.0144924
0.00932526
0.011276
0.0171845
0.0213016
0.0273988
0.0340347
0.0378261
0.0389726
0.0375731
0.0341238
0.0278309
0.0213868
0.0186584
0.0180952
0.0205065
0.0235301
0.0290196
0.0307525
0.0306582
0.0330359
0.0331531
0.0262146
0.019448
0.0141529
0.0137273
0.0188092
0.0218615
0.0263193
0.0312023
0.0332362
0.0348916
0.0372956
0.037807
0.0302579
0.0238343
0.0193567
0.0150673
0.017695
0.0219397
0.0267782
0.0288136
0.0297442
0.0305274
0.0321667
0.0335942
0.0273368
0.0207791
0.0156588
0.0136659
0.0143772
0.0227186
0.0295469
0.0310657
0.0314156
0.0328011
0.0344848
0.0316237
0.0287531
0.022037
0.0162446
0.011895
0.0130781
0.022831
0.0290261
0.0309159
0.0318324
0.0322279
0.0324707
0.0308801
0.0275505
0.0213845
0.0139672
0.00922811
0.0136512
0.018139
0.0214205
0.0273967
0.0291479
0.0316812
0.031667
0.0335932
0.0278892
0.0202786
0.014156
0.0139268
0.0168951
0.0172099
0.0211955
0.0269169
0.0299845
0.0318565
0.0315958
0.0279266
0.0263222
0.022542
0.017956
0.016698
0.0196328
0.0211837
0.0246372
0.0311923
0.0340465
0.0315747
0.0268438
0.025689
0.02534
0.0173565
0.0103277
0.00728772
0.0117321
0.0148152
0.021121
0.0275568
0.0346315
0.0359907
0.034275
0.0319348
0.0302747
0.0241729
0.0164763
0.0148285
0.0156712
0.0181814
0.0235423
0.0258949
0.0289211
0.0289075
0.0267496
0.022843
0.0209296
0.0146413
0.0069177
0.00783066
0.00930993
0.0123637
0.017911
0.0254747
0.03131
0.0335865
0.0337123
0.0312873
0.0281754
0.0218657
0.0158658
0.0113247
0.0135586
0.0161405
0.0190651
0.0246744
0.0289945
0.0319817
0.0296172
0.0270632
0.0217556
0.017771
0.018955
0.0194426
0.022983
0.0253331
0.0295749
0.031525
0.0326794
0.0340526
0.0330079
0.0288287
0.0222353
0.0176319
0.0133356
0.015618
0.0191423
0.0219847
0.0248892
0.0272097
0.0298441
0.0345782
0.0375222
0.0376835
0.0342789
0.0279636
0.0204611
0.0167955
0.0181887
0.0198341
0.0234423
0.0246749
0.0270694
0.0300475
0.033465
0.0338684
0.028948
0.0218863
0.0184611
0.0167675
0.0167999
0.0204816
0.0252935
0.028586
0.0307065
0.0328396
0.032915
0.0315637
0.0279893
0.0211943
0.0156639
0.013054
0.0152085
0.0208971
0.0275844
0.0296595
0.0305718
0.0335791
0.0354639
0.0328023
0.0310508
0.0285428
0.0244712
0.0202926
0.0217552
0.0272028
0.0325105
0.0349404
0.0351483
0.0351206
0.034024
0.0341382
0.0296946
0.0232547
0.0174063
0.0154462
0.0198492
0.0236694
0.0240346
0.0287812
0.0366258
0.0397406
0.0396369
0.0383456
0.0345282
0.0302975
0.0246756
0.0208435
0.0174995
0.0227916
0.0249538
0.0295119
0.0305236
0.032638
0.0343875
0.0318063
0.0254833
0.0220237
0.0168053
0.0147402
0.0185725
0.0204174
0.024052
0.0298766
0.0322277
0.0325614
0.0352283
0.0322533
0.0227582
0.0168631
0.0147802
0.0129002
0.0159146
0.0208022
0.0270269
0.0305592
0.0352331
0.0362716
0.0357923
0.0351898
0.0327353
0.026031
0.0199146
0.0151822
0.0151602
0.0210525
0.0277503
0.0299918
0.030622
0.0319044
0.0325784
0.0324928
0.0276705
0.0243515
0.0187345
0.0178684
0.01814
0.0203484
0.0270596
0.0332756
0.0350048
0.0348074
0.0337283
0.0283598
0.0238984
0.0225072
0.0197243
0.0197608
0.0198175
0.0219255
0.0247132
0.0302488
0.0329275
0.0350112
0.0351624
0.0306872
0.0246638
0.0191231
0.0153597
0.0165395
0.0161244
0.0186487
0.0209137
0.0257866
0.0323462
0.0349646
0.0366958
0.03533
0.0320721
0.0250239
0.0227839
0.0204274
0.0214916
0.0283831
0.0317195
0.0336323
0.034186
0.0362818
0.0364254
