0.0290169
0.0271281
0.0261773
0.0249852
0.0239241
0.0238728
0.0239236
0.0230868
0.0221615
0.0218071
0.0215486
0.0207072
0.0188704
0.01684
0.0159175
0.0150619
0.014022
0.0130771
0.0130949
0.0135096
0.0142316
0.0151357
0.0151227
0.0152693
0.0165844
0.0180404
0.0198115
0.0206277
0.0210804
0.0232292
0.0257333
0.0270918
0.0274087
0.0273672
0.0260591
0.0245099
0.0234217
0.0223897
0.0197588
0.0147908
0.0109382
0.00989194
0.00909228
0.00810199
0.00943487
0.0138089
0.0198886
0.0262152
0.0319867
0.0376239
0.0421435
0.0441732
0.0447547
0.0448525
0.0442008
0.0420422
0.0395845
0.0381806
0.0354415
0.029631
0.0245532
0.0225461
0.0207436
0.0169795
0.0143249
0.0155189
0.020482
0.0271512
0.0334621
0.0410673
0.0480421
0.0525882
0.0547443
0.0564441
0.056723
0.0546668
0.0509229
0.0477511
0.0450907
0.0427358
0.0403453
0.0391294
0.0366377
0.0311117
0.0269915
0.0252933
0.0231223
0.0184895
0.0163663
0.0203956
0.0238735
0.0289654
0.037802
0.0456191
0.0508794
0.0527414
0.0534675
0.0533284
0.0517254
0.0477093
0.0435973
0.040734
0.0381723
0.036181
0.0352782
0.0349088
0.0327318
0.0264775
0.0207632
0.020156
0.0183477
0.0126385
0.0137569
0.0192585
0.02358
0.0280394
0.0316457
0.0369556
0.0401023
0.0411436
0.0400029
0.039879
0.0387805
0.0354574
0.0333044
0.0318736
0.0303462
0.0282773
0.0261253
0.0252246
0.023225
0.0187806
0.0151063
0.013584
0.0127166
0.0105369
0.00865877
0.0108938
0.0159682
0.0197287
0.0231
0.028612
0.0337252
0.0361324
0.0366063
0.0365627
0.0360565
0.0341637
0.0312045
0.0288343
0.0274283
0.0254738
0.0234944
0.0229628
0.0213382
0.0174101
0.013848
0.0119171
0.0120905
0.0124077
0.0118063
0.0134527
0.0177726
0.0209714
0.0230947
0.0249921
0.0271282
0.0272063
0.0265118
0.0256742
0.025584
0.0251598
0.0237194
0.0227326
0.0225337
0.0224929
0.0220846
0.0213077
0.0204466
0.0195861
0.018287
0.0170441
0.0159955
0.0147013
0.013351
0.0120865
0.0114911
0.0120992
0.0128469
0.0137129
0.0155049
0.0174843
0.0190603
0.0200232
0.0205541
0.021962
0.0227355
0.0235121
0.0245102
0.0251962
0.025223
0.0244019
0.0235179
0.0221284
0.021006
0.0192083
0.0156959
0.011297
0.00825218
0.00731696
0.00837405
0.00985709
0.0120694
0.0161057
0.0210637
0.0251883
0.0285886
0.0317491
0.0334927
0.0332395
0.0323276
0.0310016
0.0297938
0.0280417
0.0261897
0.0254739
0.0228592
0.0180048
0.0149813
0.0140726
0.0127793
0.010658
0.00978185
0.0106377
0.0146197
0.0187893
0.0225214
0.0287871
0.0346741
0.0380857
0.0397804
0.0414786
0.0414212
0.0397948
0.0368058
0.034245
0.0325831
0.030754
0.0286497
0.0279544
0.0253628
0.0208147
0.0193357
0.0183988
0.0151725
0.0102707
0.00755253
0.0103904
0.017053
0.0220904
0.027431
0.0345656
0.0400656
0.0425906
0.044118
0.0459746
0.0457679
0.043586
0.040224
0.0380363
0.0365615
0.0350409
0.0340417
0.033613
0.0304599
0.0235375
0.0193592
0.0179632
0.0156906
0.0126057
0.0113023
0.0140182
0.0186545
0.0233836
0.0291626
0.0369133
0.0427107
0.0447956
0.046174
0.0471441
0.0466602
0.0447474
0.0416611
0.0394549
0.0380448
0.03615
0.0349018
0.0347316
0.0313913
0.0262663
0.0239309
0.0222657
0.0186511
0.0145465
0.0160862
0.020506
0.0254358
0.0298857
0.0348586
0.0413372
0.0449113
0.0468839
0.0465038
0.0465515
0.044711
0.0419824
0.0396872
0.0378788
0.0363346
0.034326
0.0329368
0.0324404
0.0284736
0.0227453
0.0212605
0.0208097
0.0200241
0.0187439
0.0189058
0.0220096
0.0251751
0.0275427
0.0289826
0.0310771
0.031474
0.0304569
0.0303254
0.0297013
0.0289016
0.0271839
0.02625
0.0260148
0.0259274
0.0254069
0.0248024
0.0240186
0.0228627
0.0216318
0.0198364
0.0184929
0.0170171
0.0154655
0.0140146
0.0130723
0.0132183
0.0139991
0.0148622
0.0162394
0.0180656
0.0200728
0.0216607
0.0235224
0.0248547
0.0254694
0.0258776
0.0264025
0.0269268
0.0270057
0.026195
0.0251387
0.0236561
0.0225215
0.0214384
0.0200128
0.0165922
0.0122717
0.00950359
0.00862067
0.00947094
0.0111315
0.0142571
0.0187866
0.0234182
0.0274103
0.0307861
0.0338494
0.0353198
0.034923
0.0338424
0.0327465
0.0313982
0.0294389
0.0279724
0.0274704
0.0242781
0.0190903
0.0162348
0.0151227
0.0136028
0.0107043
0.0097118
0.0126492
0.0175409
0.0215722
0.0263623
0.0327022
0.0375349
0.0391171
0.0401442
0.0411298
0.0405214
0.0379789
0.0349787
0.0329661
0.0312232
0.0291237
0.0277492
0.0272575
0.024437
0.0193919
0.0164168
0.0150323
0.0133769
0.0101244
0.00871766
0.0124263
0.0173103
0.0208181
0.0255777
0.0314705
0.0361874
0.0384245
0.0394823
0.0396444
0.0390993
0.0371216
0.034429
0.0327249
0.0313643
0.0292006
0.0274491
0.0266026
0.0235238
0.0189217
0.0158484
0.0144578
0.0131797
0.00950468
0.00820315
0.0118601
0.0167597
0.0206376
0.0254422
0.0314902
0.0364783
0.0391545
0.0401901
0.0405858
0.0402727
0.0374207
0.034419
0.0328603
0.0314246
0.029079
0.0274819
0.0269687
0.0239458
0.0189978
0.016058
0.0149902
0.0138053
0.010395
0.00879563
0.013181
0.0190766
0.0236403
0.0284116
0.0339794
0.0384714
0.0399275
0.0411356
0.0416005
0.0412787
0.0383193
0.0349082
0.0328915
0.0311157
0.0288759
0.0271823
0.0266374
0.0276351
0.0265763
0.01524
0.00570305
0.00756614
0.00907761
0.0120898
0.0176521
0.0220223
0.0253673
0.040301
0.0556129
0.0602267
0.0625163
0.0574977
0.0525225
0.0479474
0.042501
0.0369118
0.0324146
0.0328325
0.031657
0.0210918
0.0112977
0.012553
0.0137646
0.0149897
0.0163839
0.0161445
0.0155196
0.0298544
0.0460772
0.0503373
0.0539383
0.049915
0.0453738
0.0412911
0.0372741
0.0328368
0.0281744
0.0242308
0.0195045
0.021695
0.0245105
0.0252292
0.02513
0.0246014
0.023535
0.022294
0.0212078
0.0205037
0.0194508
0.0160513
0.0116649
0.00928073
0.00891091
0.00943246
0.0102191
0.0118879
0.0160883
0.0210651
0.0255795
0.0293613
0.032574
0.0336232
0.0328046
0.0320739
0.0311877
0.029956
0.027898
0.0263412
0.0259746
0.0228087
0.0176871
0.0156262
0.0157001
0.0149014
0.011251
0.0095411
0.0131814
0.0185817
0.0223559
0.0264106
0.0321424
0.0365413
0.0378425
0.0390849
0.0398064
0.0392809
0.0365443
0.0331923
0.0310941
0.029441
0.0277924
0.0268527
0.0265919
0.0241794
0.0191957
0.0164013
0.0154372
0.0143531
0.0109654
0.00866888
0.0124351
0.017506
0.0214874
0.0261806
0.031571
0.0361555
0.0376507
0.0380394
0.0378497
0.0370488
0.0339385
0.0308713
0.0294476
0.0280967
0.0261751
0.024909
0.0245703
0.0217073
0.0167433
0.0137846
0.0128399
0.011611
0.00782312
0.00706806
0.0114493
0.0166548
0.0203106
0.0243222
0.0297572
0.0339273
0.0349405
0.0352938
0.0350773
0.0340147
0.0314078
0.028675
0.0268584
0.0255928
0.0239758
0.0230698
0.0232141
0.0202437
0.0151861
0.0130576
0.012572
0.0120879
0.00929914
0.00816351
0.0125967
0.0181922
0.0216436
0.025608
0.0300308
0.0330129
0.0338829
0.033949
0.0329207
0.0320862
0.0293387
0.0268947
0.0251931
0.02411
0.0229159
0.0218253
0.0212769
0.0187391
0.0149893
0.0117134
0.0104394
0.0110585
0.0111646
0.0118773
0.0144278
0.0176979
0.0207748
0.0227285
0.0244427
0.0253031
0.0243523
0.0229536
0.0214271
0.0207457
0.019411
0.0183288
0.017611
0.0173188
0.0175036
0.0167709
0.0158539
0.0152358
0.0144298
0.0132157
0.0121415
0.0113653
0.0104426
0.0100654
0.00930791
0.00946046
0.0101883
0.0109696
0.0114097
0.0126925
0.0135438
0.0143056
0.014719
0.0149498
0.0161877
0.0163441
0.0166071
0.0165753
0.0163222
0.0160718
0.0153618
0.0148552
0.0139994
0.0136387
0.012831
0.0107939
0.00852027
0.00676078
0.00612648
0.0071231
0.0078829
0.00905464
0.0116379
0.0144464
0.0178163
0.0204575
0.0218438
0.022319
0.0215226
0.0208261
0.0196382
0.0191431
0.0177482
0.0168501
0.0166019
0.0146632
0.0116555
0.0100495
0.0092206
0.0086445
0.00660359
0.00569841
0.00880436
0.0126226
0.0155436
0.0188363
0.022193
0.0249803
0.0261601
0.0266735
0.0261128
0.0248177
0.0226041
0.020353
0.0191545
0.0182358
0.016929
0.016187
0.0159023
0.0142626
0.0114877
0.0102587
0.00967701
0.00881484
0.00692424
0.00606454
0.00917418
0.0130512
0.0156648
0.0179687
0.0209277
0.0228791
0.0231922
0.0233399
0.0224676
0.0215782
0.0193197
0.0176637
0.0168131
0.0165994
0.0159712
0.0153545
0.0152567
0.0135691
0.0108076
0.00913892
0.00888088
0.00879105
0.0073959
0.0066851
0.00855699
0.011433
0.0130716
0.0148463
0.0170713
0.0187214
0.0188395
0.0188584
0.0184461
0.0183639
0.0169701
0.0157275
0.0155409
0.0150762
0.0141094
0.0133611
0.0130975
0.0118038
0.00986685
0.00837688
0.00750952
0.00709133
0.00573899
0.00532477
0.00744274
0.00972105
0.0111399
0.0124218
0.0134408
0.0140716
0.0138579
0.0137368
0.0133876
0.0129959
0.0118119
0.0109989
0.010951
0.0108994
0.0106502
0.0102411
0.00984504
0.00901702
0.00803342
0.00730182
0.00690798
0.00657967
0.00602061
0.00616685
0.00667045
0.00729494
0.00775208
0.00845805
0.0091099
0.00949036
0.0097981
0.0100737
0.0102679
0.0101992
0.0101067
0.0099876
0.0102111
0.0105669
0.0106345
0.0106755
0.0106258
0.00962669
0.0086237
0.00830348
0.00797306
0.00786802
0.00748948
0.00708751
0.00725115
0.00834268
0.00914634
0.0098314
0.0103079
0.0101656
0.0103411
0.0103735
0.010462
0.0106565
0.0108054
0.0106455
0.0106078
0.0108972
0.0111276
0.0114405
0.0113619
0.0109755
0.0104227
0.0095342
0.00909834
0.00911531
0.00881726
0.00853783
0.00786678
0.00728642
0.0071322
0.00694963
0.00685079
0.00684111
0.00692027
0.00693397
0.00747691
0.0081163
0.00870182
0.00937532
0.00976531
0.0100434
0.0101593
0.00998947
0.00957198
0.00901774
0.0083799
0.0077017
0.00691426
0.00621583
0.00579745
0.00536287
0.00491697
0.00477075
0.00495672
0.00523782
0.00573278
0.00658583
0.00720156
0.00769597
0.00846396
0.0093473
0.00994242
0.0103061
0.010534
0.0107484
0.0107326
0.0104418
0.00995292
0.0095905
0.00910103
0.00833743
0.00743001
0.00661419
0.006087
0.0056421
0.00534279
0.00583379
0.00612697
0.00632005
0.00733772
0.00855692
0.00956326
0.0103202
0.0109734
0.011528
0.0116396
0.0119076
0.0121919
0.0124555
0.0120749
0.0116352
0.0113503
0.0109567
0.0103306
0.00952991
0.00888081
0.00821078
0.00717493
0.00639186
0.00684541
0.00741479
0.00768037
0.00821054
0.00914875
0.00993479
0.0103922
0.0111303
0.0117949
0.0122529
0.0121007
0.0120152
0.0122888
0.0125877
0.0125297
0.0123123
0.0118971
0.0113401
0.0102724
0.00925988
0.0087669
0.00816329
0.00721189
0.00631665
0.0062891
0.00655596
0.00706432
0.0076901
0.00841413
0.0092569
0.00996307
0.0102766
0.0110284
0.0117277
0.011883
0.0118178
0.0117702
0.0115564
0.0113826
0.0109616
0.0103526
0.00980288
0.00903666
0.00796782
0.00719925
0.00679415
0.00650679
0.0063104
0.00605093
0.00606024
0.00656272
0.00694875
0.00738504
0.00807919
0.00857759
0.0088661
0.00918144
0.0094597
0.00964778
0.00960812
0.00976267
0.00998197
0.0101833
0.0100488
0.00984042
0.00958309
0.00917912
0.00874291
0.00809373
0.00732229
0.00642862
0.00575654
0.00540323
0.00526067
0.00542994
0.00562374
0.00610526
0.00672125
0.00753824
0.00836139
0.00910198
0.00997114
0.0105628
0.0111501
0.0115348
0.0119025
0.0119207
0.0117185
0.0113843
0.0107885
0.0100999
0.00922538
0.00859629
0.0081286
0.00722152
0.00638573
0.00600762
0.00597909
0.00599635
0.00664388
0.00720997
0.00773247
0.00849437
0.0095992
0.0106686
0.0114975
0.0120363
0.0122678
0.0125631
0.0127776
0.0126249
0.0124471
0.0120707
0.0114062
0.0106708
0.010008
0.00949993
0.00818772
0.00639773
0.00533897
0.00482256
0.00500266
0.00533143
0.0063117
0.00852422
0.0112203
0.0135639
0.0150664
0.0162044
0.0174129
0.0175445
0.0171586
0.0164756
0.0159515
0.0149918
0.0141158
0.013814
0.0125162
0.0104407
0.00938992
0.00887323
0.00752744
0.00528587
0.00380791
0.00470748
0.00788487
0.0105567
0.0127939
0.016447
0.0206957
0.0232198
0.0242733
0.0251827
0.0248184
0.0233069
0.0211549
0.0199107
0.0191144
0.0177633
0.0166459
0.0163932
0.0147153
0.0115963
0.00989567
0.00919968
0.00783361
0.00564763
0.00507166
0.00768871
0.0118275
0.014768
0.0181877
0.0230215
0.0267903
0.0284167
0.0290021
0.0293218
0.0284035
0.026165
0.0235663
0.0221676
0.0210406
0.0193896
0.0182338
0.018081
0.0158202
0.0123536
0.0110079
0.0106365
0.00930497
0.00594709
0.00467579
0.00782733
0.0124883
0.0157152
0.0194939
0.0244678
0.028079
0.0295309
0.0301072
0.0302134
0.0288955
0.0262148
0.0236563
0.0220907
0.020911
0.0193509
0.0184789
0.0184027
0.0161714
0.0125611
0.0104257
0.00932809
0.0089231
0.00799542
0.00814214
0.0114691
0.0156773
0.0186441
0.0208916
0.0227185
0.0233356
0.0227938
0.0225807
0.0217107
0.0208209
0.0192865
0.0185204
0.0187003
0.018981
0.0189883
0.0185062
0.0176763
0.0166289
0.0155892
0.0141828
0.0126851
0.0116087
0.0107404
0.00976005
0.0091643
0.00931282
0.00994346
0.0107474
0.0115365
0.0123906
0.0137501
0.0154583
0.0166315
0.0176402
0.018811
0.0194505
0.0198177
0.0199723
0.0200714
0.019942
0.019203
0.0182045
0.017263
0.0166026
0.0156267
0.0129996
0.00947899
0.00750514
0.00648239
0.00660389
0.00775208
0.0105892
0.0142663
0.0190997
0.0234399
0.0266305
0.0293348
0.0302395
0.0301406
0.029298
0.0282905
0.026935
0.0250394
0.0239116
0.0233192
0.0204995
0.0162807
0.014
0.0128195
0.0112141
0.00840053
0.00774716
0.0107176
0.0163272
0.0204787
0.0245121
0.0303518
0.0349196
0.037141
0.0377117
0.0382531
0.037404
0.0350422
0.0320691
0.0302092
0.0291008
0.02718
0.0254938
0.0249992
0.0221849
0.0176429
0.0153035
0.0139988
0.0122811
0.00927683
0.00801587
0.0111566
0.0165536
0.0206394
0.0253684
0.0307948
0.0352648
0.0371295
0.0380966
0.0383999
0.0375035
0.0349609
0.0317964
0.0301295
0.0289381
0.027077
0.0256104
0.0249974
0.0219813
0.0174986
0.0146631
0.0130968
0.0115839
0.00832377
0.00779748
0.0116954
0.0168251
0.0203822
0.0247561
0.0305899
0.0352219
0.0370569
0.0374279
0.037593
0.0368988
0.0345409
