0.0265624
0.0297217
0.0339478
0.0343553
0.0324932
0.0275523
0.0220442
0.0159337
0.0169831
0.0204685
0.0222388
0.0225537
0.0260636
0.0301884
0.031677
0.0335805
0.0338219
0.030935
0.0252977
0.020761
0.0200696
0.0235808
0.0256006
0.0269338
0.0293447
0.0312319
0.0331641
0.0312852
0.0297745
0.0251926
0.0216042
0.0147499
0.0101728
0.0143452
0.0199122
0.0241267
0.0282353
0.0299055
0.0348104
0.0361968
0.0352822
0.0281502
0.0246909
0.0193903
0.0143078
0.0191073
0.0222677
0.0251433
0.0273448
0.0296355
0.0320396
0.0312168
0.0283245
0.0218354
0.0194891
0.0182161
0.0161898
0.0181261
0.0246629
0.0295728
0.0312603
0.0350873
0.0368812
0.0379783
0.0317947
0.0250821
0.0202764
0.0149636
0.0125474
0.0126008
0.0180588
0.0222719
0.0239745
0.0272855
0.0323618
0.0361967
0.0366402
0.0302277
0.0227012
0.0184458
0.0186652
0.0219685
0.0232724
0.0263304
0.0270022
0.0291104
0.0306535
0.0315674
0.0305821
0.0279573
0.0227381
0.0171555
0.0150841
0.0166429
0.0226799
0.0272088
0.0285906
0.029334
0.0293833
0.0310403
0.030244
0.0255601
0.017915
0.015133
0.0148553
0.015444
0.0203844
0.0270281
0.0322466
0.0344188
0.0342477
0.0366569
0.0358714
0.029769
0.0213024
0.0171155
0.013951
0.0152007
0.0186522
0.0246926
0.0257709
0.0280541
0.0297276
0.0328072
0.0318094
0.0272847
0.0203671
0.0157741
0.0144551
0.0155489
0.0227528
0.0289559
0.0295539
0.0287046
0.0297022
0.0328054
0.0299646
0.027331
0.0206564
0.0159697
0.0137914
0.0162904
0.0211881
0.0269487
0.0284342
0.0313551
0.0321192
0.034166
0.0338673
0.0317422
0.0265486
0.022507
0.0191453
0.0207583
0.0271304
0.0314103
0.0326264
0.0367133
0.0370612
0.0337693
0.0333351
0.0336229
0.0249929
0.0146383
0.0117345
0.0127265
0.018627
0.025347
0.0282952
0.0320595
0.0341292
0.0339398
0.0317702
0.0314723
0.026243
0.0177019
0.0141217
0.0179018
0.0213019
0.0247157
0.0309755
0.0341833
0.03536
0.0316928
0.0284148
0.0234871
0.0174652
0.0157988
0.0152456
0.0216465
0.0229953
0.0261005
0.0290986
0.0323562
0.0329807
0.0302346
0.0273033
0.0233041
0.0183953
0.0144398
0.0134949
0.0178622
0.021141
0.0257311
0.0271983
0.0301379
0.0344032
0.0358688
0.0341286
0.0316717
0.0290079
0.0224725
0.0187676
0.019908
0.0223481
0.0263914
0.0277695
0.030902
0.0327998
0.0332442
0.0308665
0.0319881
0.0289719
0.0213026
0.0190809
0.021349
0.0256593
0.0276432
0.0287968
0.0329622
0.0337833
0.0325311
0.0287225
0.027457
0.0247005
0.0177319
0.0117203
0.0147335
0.0193229
0.0228227
0.0290906
0.0332926
0.0370388
0.0355388
0.0331924
0.0281181
0.0242678
0.0206999
0.0164368
0.0190102
0.0234819
0.0280279
0.0308014
0.0315495
0.0349083
0.0348978
0.0310272
0.0233831
0.0191515
0.0166102
0.0156955
0.0165947
0.0226405
0.0268716
0.0284642
0.0297404
0.0335091
0.0359431
0.0345299
0.027056
0.0207011
0.0195127
0.01669
0.0161953
0.0210387
0.0256355
0.0276141
0.0314655
0.0337321
0.033556
0.0325456
0.0301977
0.0249669
0.0197853
0.0164839
0.0172389
0.0219302
0.0246302
0.0266677
0.0276632
0.0296748
0.0285316
0.0274202
0.0261985
0.0213327
0.0138075
0.0143416
0.0177108
0.0199928
0.0235824
0.0280067
0.0293388
0.0312188
0.0321621
0.0293623
0.0252442
0.0195325
0.0128899
0.0125129
0.0154835
0.0180089
0.0196676
0.0243609
0.0300149
0.0307721
0.0312205
0.0281229
0.0252854
0.0190298
0.0138721
0.00842934
0.0121702
0.0176398
0.0218264
0.0240597
0.0288256
0.0320723
0.0309693
0.0284314
0.0263612
0.020586
0.0140658
0.0156671
0.018621
0.0231815
0.0267222
0.0287661
0.0305529
0.0324796
0.0313787
0.0269962
0.0248435
0.021207
0.0137946
0.0126648
0.0181246
0.0224438
0.0243566
0.0289834
0.0327681
0.0345815
0.0329616
0.0334915
0.0338704
0.029881
0.0253143
0.0210087
0.0221313
0.0248379
0.0277269
0.0301531
0.0348217
0.0360431
0.0341134
0.0325825
0.0295897
0.0236862
0.0216798
0.0216015
0.0234289
0.0259538
0.0289914
0.033164
0.0373662
0.0388904
0.0394278
0.0358838
0.0279183
0.0193438
0.0155703
0.0156597
0.0164291
0.0197544
0.024217
0.0282009
0.0310515
0.0353041
0.0354701
0.0329534
0.0299786
0.0252175
0.017192
0.0169596
0.0193805
0.0237685
0.0240799
0.0257961
0.0265868
0.0278091
0.0284113
0.0276675
0.0229022
0.0155857
0.0110297
0.0101967
0.0149516
0.0163283
0.0172596
0.0236463
0.0280263
0.0310963
0.0301562
0.0281761
0.0255238
0.0230266
0.0186218
0.0147784
0.0188228
0.0209846
0.0242553
0.0256106
0.0262653
0.0306463
0.0324873
0.0305121
0.0229926
0.017999
0.0156342
0.0172637
0.0201461
0.0216142
0.0245606
0.0250925
0.0312849
0.0338836
0.0372818
0.0325567
0.0266448
0.0195188
0.0169275
0.0160412
0.0143443
0.0205587
0.0230507
0.0251884
0.0282583
0.0320621
0.0331987
0.0340337
0.0312012
0.0226177
0.0161513
0.013246
0.0146868
0.019603
0.0211982
0.023021
0.0250024
0.0273399
0.0291235
0.0301036
0.0274986
0.0208748
0.0154297
0.0114594
0.0117402
0.0167149
0.0223492
0.0249716
0.0277942
0.0297432
0.0308147
0.0301568
0.0283948
0.0226114
0.0173969
0.0136834
0.015729
0.0206188
0.0242199
0.0285394
0.0315711
0.0333059
0.0323696
0.0324646
0.0281384
0.0193343
0.0119716
0.00825285
0.0110844
0.0147362
0.0176873
0.023298
0.0266412
0.0313829
0.0345357
0.0338532
0.0277581
0.0225211
0.0195714
0.0181717
0.020263
0.0234423
0.029236
0.0323827
0.033403
0.0345827
0.0351365
0.0296132
0.0217372
0.0174575
0.0117419
0.00906096
0.0105741
0.0165481
0.02075
0.0239968
0.0293184
0.0321158
0.033412
0.0326374
0.0324138
0.0281487
0.021016
0.0184301
0.0192037
0.0252876
0.0274277
0.0278472
0.0296277
0.032667
0.034244
0.0340312
0.0292568
0.0202022
0.0121333
0.00881324
0.0117677
0.0129752
0.0186222
0.0257748
0.0305188
0.0345865
0.0357416
0.0344097
0.0289704
0.0220039
0.0172136
0.0164786
0.0158198
0.0138363
0.0211167
0.0284899
0.0314908
0.0280544
0.0209843
0.0271752
0.0367736
0.0375024
0.0330232
0.0360567
0.0392441
0.0444816
0.0441742
0.044156
0.0407598
0.0373003
0.0317898
0.0303029
0.030026
0.018954
0.0106735
0.0119827
0.0134479
0.0115368
0.0128614
0.0299502
0.0464955
0.0518529
0.0543243
0.0554262
0.053549
0.0454198
0.034314
0.0276732
0.0234749
0.0233942
0.0210452
0.0260637
0.0295879
0.0326586
0.032695
0.03036
0.0261107
0.0213699
0.0163813
0.0153143
0.0164754
0.019055
0.0243724
0.0293997
0.0316335
0.0328393
0.0332225
0.0298639
0.0275656
0.021288
0.0144986
0.0145866
0.0164582
0.0201388
0.0251635
0.0276107
0.030662
0.0313279
0.0313887
0.0292011
0.0276978
0.0206273
0.0152095
0.0137156
0.0175231
0.0222821
0.0246304
0.027821
0.0312501
0.0338282
0.0321356
0.0284439
0.0266077
0.0219944
0.0165107
0.0142808
0.0153716
0.0191795
0.0221906
0.0271171
0.0310545
0.0338831
0.035935
0.0325646
0.0275502
0.0224449
0.0180547
0.0139013
0.0164171
0.0196817
0.0200804
0.024726
0.0297385
0.0317419
0.0309925
0.0292401
0.0259324
0.0195852
0.0131588
0.0109796
0.0173056
0.0198674
0.0223087
0.0250086
0.0281988
0.0298428
0.0321223
0.0328989
0.0284806
0.0219845
0.01544
0.013068
0.0179358
0.020364
0.0232231
0.026737
0.0307495
0.032835
0.0330762
0.0305006
0.0286085
0.0269566
0.0221043
0.0153739
0.0169644
0.0203325
0.0250931
0.0333542
0.0425886
0.0431492
0.0390993
0.0325063
0.0283916
0.0229508
0.0186443
0.0182569
0.0178564
0.00938262
0.00642098
0.0105009
0.0167661
0.0175787
0.0200712
0.0200034
0.0170032
0.010683
0.00854207
0.0193891
0.0297376
0.0272223
0.0281103
0.0301698
0.0318124
0.0319805
0.0297043
0.0319109
0.028646
0.0105269
-0.00734892
-0.00654798
-0.00446185
-0.000686972
0.00444686
0.0110849
0.0166547
0.0238995
0.0272135
0.0286326
0.0311676
0.0246193
0.0165828
0.0152796
0.0151304
0.0186971
0.0218331
0.026412
0.0285284
0.0308475
0.032225
0.0316725
0.0279886
0.0208216
0.0167407
0.0153042
0.0197869
0.0222308
0.0254862
0.0312594
0.0344564
0.0356402
0.0332553
0.0333751
0.0310196
0.0237468
0.0167728
0.0125695
0.0182907
0.0216958
0.0265045
0.0289757
0.0320534
0.0327682
0.0311534
0.0293698
0.026502
0.0220322
0.0154598
0.0141252
0.0186458
0.0207883
0.0251956
0.0320982
0.035168
0.03558
0.0301421
0.0298538
0.0290078
0.0235548
0.0168473
0.0135428
0.0176906
0.0180764
0.0234183
0.0275543
0.031155
0.034119
0.0330214
0.0318447
0.0279565
0.023186
0.0157546
0.0154325
0.0141161
0.0128916
0.0183109
0.0253709
0.0289566
0.0313708
0.0308069
0.0272075
0.023925
0.0166645
0.0123663
0.0105745
0.0125823
0.0163557
0.0221266
0.0267315
0.0296426
0.0311199
0.0317696
0.0308385
0.0259418
0.0178423
0.0132171
0.013756
0.0178657
0.0203363
0.0237909
0.0288718
0.0313877
0.0295303
0.0265241
0.0270063
0.0238312
0.0178135
0.0118569
0.0113208
0.0145271
0.0182229
0.0253883
0.0289299
0.0325293
0.0346123
0.037291
0.034961
0.0298972
0.0258842
0.0217323
0.0187424
0.0197138
0.0197674
0.0234308
0.0248319
0.0308966
0.0312205
0.0286873
0.02962
0.0284965
0.0217319
0.0176256
0.0164492
0.0177854
0.0226571
0.0255723
0.027188
0.0303392
0.031564
0.0314299
0.0303752
0.0258038
0.0197162
0.0145884
0.0121345
0.013679
0.0146771
0.0201736
0.0260197
0.0271659
0.0291245
0.0298012
0.0293303
0.0239177
0.0192665
0.0123665
0.0126839
0.0118402
0.0144491
0.0213422
0.0250801
0.0278756
0.0298014
0.0312899
0.028682
0.0273169
0.0228596
0.0162432
0.0151433
0.017603
0.021098
0.0237714
0.0268355
0.0285419
0.0291566
0.028118
0.024966
0.0239785
0.0226121
0.0160617
0.0137438
0.0172602
0.0206073
0.0242016
0.0306275
0.0348389
0.0368625
0.0355058
0.031935
0.0289352
0.0262974
0.020306
0.0145342
0.0146479
0.0190462
0.0201793
0.0236405
0.02938
0.0320334
0.0326431
0.0296402
0.0243226
0.0196846
0.0170551
0.0156844
0.0186363
0.0215515
0.0240357
0.0276325
0.0315544
0.0354741
0.0370654
0.0322718
0.0235937
0.0196348
0.0166547
0.0150035
0.0148195
0.0181631
0.0235403
0.0260546
0.0277572
0.032041
0.0337811
0.0293901
0.0246252
0.0236849
0.017818
0.0142294
0.0173351
0.0242218
0.0258692
0.0263763
0.0276084
0.0307753
0.0320153
0.0319481
0.0294162
0.0242134
0.0204845
0.0185041
0.0208815
0.024554
0.0261114
0.0276023
0.0299182
0.0310785
0.0305291
0.0285182
0.0254946
0.0195116
0.0146611
0.00965191
0.0115516
0.017289
0.0212876
0.0272032
0.0336382
0.0373131
0.0384203
0.0370574
0.0337057
0.0275972
0.0213485
0.0187051
0.0181648
0.0205101
0.0234486
0.0287735
0.0304559
0.0303601
0.032661
0.0327657
0.0260293
0.0194646
0.0143288
0.0139217
0.0188598
0.0218287
0.0261535
0.0308916
0.0328639
0.0344652
0.0367938
0.0372838
0.0299537
0.0237206
0.0193772
0.0152247
0.0177824
0.0219082
0.0266014
0.0285768
0.0294795
0.0302319
0.0318187
0.0331978
0.0271227
0.0207575
0.0157916
0.0138652
0.0145622
0.0226643
0.0292894
0.0307623
0.0310958
0.0324365
0.0340675
0.0312869
0.0284981
0.0219768
0.0163582
0.0121459
0.0133057
0.0227726
0.028787
0.0306213
0.0315056
0.0318848
0.032118
0.0305714
0.0273368
0.0213487
0.0141556
0.00956427
0.0138639
0.0182237
0.0214125
0.0272091
0.0289036
0.0313576
0.0313421
0.0332036
0.0276619
0.0202778
0.0143434
0.0141227
0.0170102
0.0173213
0.021189
0.0267377
0.029711
0.0315258
0.0312664
0.027701
0.0261371
0.0224707
0.0180246
0.016812
0.019664
0.0211759
0.024528
0.0308917
0.0336563
0.031255
0.0266574
0.0255332
0.0251869
0.0174443
0.0106263
0.00768379
0.0119986
0.0150001
0.0211227
0.0273666
0.0342247
0.0355392
0.0338872
0.0316302
0.0337098
0.0315185
0.0158511
0.00597018
0.00959838
0.0140559
0.0152658
0.0152235
0.0304251
0.0436308
0.0470457
0.0460692
0.0466953
0.0425886
0.0299604
0.0251957
0.0221603
0.0206457
0.0200352
0.0227165
0.0329482
0.0403813
0.0319505
0.021758
0.0205986
0.0173365
0.00960407
0.000456768
0.0170723
0.0335405
0.0391203
0.0475891
0.0534416
0.058934
0.049935
0.0426958
0.0321417
0.0245337
0.0206169
0.0157569
0.0211012
0.0251962
0.0293123
0.0312044
0.0323264
0.0336541
0.0326318
0.0285701
0.0221698
0.0177029
0.0135384
0.0157594
0.0191846
0.0219452
0.0247639
0.0270159
0.0295715
0.034164
0.0370168
0.0371673
0.033858
0.0277277
0.0204503
0.0169013
0.0182608
0.0198615
0.0233636
0.0245589
0.0268792
0.0297667
0.0330794
0.0334664
0.0286904
0.0218356
0.0185127
0.016875
0.0169131
0.0204932
0.0251619
0.0283555
0.0304091
0.0324782
0.032545
0.0312279
0.0277553
0.0211582
0.0157948
0.0132696
0.0153656
0.020889
0.0273789
0.0293915
0.0302707
0.0331829
0.0350088
0.0324228
0.0307205
0.0282796
0.0243294
0.0202835
0.0217118
0.0270008
0.032152
0.0345106
0.0347102
0.0346784
0.033611
0.0337157
0.0294021
0.023151
0.0174789
0.0155824
0.0198596
0.0235722
0.0239329
0.028536
0.0361458
0.0391633
0.0390644
0.0378053
0.0340952
0.0299856
0.0245373
0.020826
0.0175895
0.0227279
0.0248299
0.0292525
0.0302369
0.0322811
0.0339727
0.0314645
0.0253275
0.0219704
0.0169062
0.0149099
0.018634
0.0204312
0.0239581
0.0296109
0.0318888
0.0322095
0.0347896
0.031895
0.0226744
0.0169589
0.0149372
0.0131191
0.0160515
0.0207999
0.0268362
0.0302627
0.0347973
0.0358028
0.0353331
0.0347427
0.0323555
0.0258472
0.019918
0.0153332
0.0153183
0.0210399
0.0275445
0.0297165
0.0303251
0.0315622
0.0322147
0.0321284
0.0274498
0.0242228
0.0187744
0.0179406
0.0182133
0.0203613
0.0268753
0.0329041
0.0345802
0.0343816
0.0333317
0.028116
0.0237865
0.0224373
0.0197391
0.0197784
0.0198392
0.0218884
0.0245962
0.0299685
0.0325673
0.0345834
0.0347231
0.0303721
0.0245254
0.0191506
0.0155041
0.016652
0.0162532
0.0187065
0.0209031
0.0256308
0.031993
0.0345331
0.0362076
0.0348736
0.0317076
0.0248668
0.0226989
0.0204192
0.0214565
0.0281457
0.0313848
0.0332408
0.0337759
0.0358069
0.0359398
