0.0206615
0.0188708
0.0191463
0.025207
0.0303035
0.0304412
0.0292015
0.0253447
0.0228653
0.0221766
0.0216257
0.0228653
0.0227276
0.019835
0.019835
0.0254825
0.0232786
0.024105
0.0292015
0.0245183
0.0256202
0.0234163
0.0220389
0.0183198
0.0196973
0.0157027
0.0224521
0.0221766
0.0162537
0.0168047
0.0202482
0.0162537
0.015565
0.0146008
0.0161159
0.0195595
0.0154272
0.0232786
0.0230031
0.0111572
0.0110194
0.0121214
0.0184576
0.015014
0.0184576
0.0151517
0.0206615
0.0216257
0.0199727
0.0217634
0.0230031
0.0231408
0.024105
0.0235541
0.0249315
0.0228653
0.0137743
0.0205237
0.0219011
0.0179066
0.0104685
0.0158405
0.0185953
0.0179066
0.0183198
0.0166669
0.0170801
0.0181821
0.0190085
0.0146008
0.0123969
0.0137743
0.0134988
0.0158405
0.0122591
0.010193
0.0136366
0.0128101
0.0136366
0.010193
0.0118459
0.0163914
0.019284
0.0118459
0.0137743
0.0185953
0.0165292
0.014463
0.0147385
0.0111572
0.013912
0.0146008
0.00730038
0.00909104
0.0117082
0.0154272
0.0134988
0.00812684
0.00440778
0.0028926
0.00468326
0.00743813
0.0132233
0.0158405
0.0169424
0.0173556
0.0151517
0.0154272
0.0157027
0.0162537
0.0176311
0.0159782
0.0146008
0.0134988
0.0154272
0.00785135
0.00977976
0.00344358
0.00482101
0.00633618
0.0151517
0.00785135
0.0106062
0.0143253
0.0157027
0.0126724
0.00840233
0.00371906
0.00592295
0.00867781
0.00523424
0.00606069
0.00977976
0.00661167
0.0079891
0.00854007
0.0100552
0.0126724
0.0140498
0.0130856
0.0130856
0.0147385
0.0137743
0.0089533
0.00964201
0.010193
0.0111572
0.00909104
0.0114327
0.0122591
0.00633618
0.00936653
0.00785135
0.00840233
0.00964201
0.0099175
0.00867781
0.0121214
0.00688715
0.010193
0.013912
0.0165292
0.0123969
0.0122591
0.0134988
0.0123969
0.0126724
0.0106062
0.0110194
0.00840233
0.00482101
0.00440778
0.00785135
0.0106062
0.0123969
0.0137743
0.00854007
0.00950427
0.0089533
0.00936653
0.00964201
0.00716264
0.00413229
0.00771361
0.0108817
0.0123969
0.0118459
0.0141875
0.014463
0.0104685
0.0133611
0.0172179
0.010193
0.0108817
0.00537198
0.00909104
0.00633618
0.00964201
0.00826458
0.00757587
0.0111572
0.00757587
0.00854007
0.0110194
0.0141875
0.0134988
0.0132233
0.0117082
0.0103307
0.0154272
0.0201105
0.0161159
0.010744
0.0169424
0.013912
0.0158405
0.0100552
0.015014
0.0194218
0.0147385
0.0232786
0.014463
0.0089533
0.0151517
0.00867781
0.014463
0.0099175
0.0104685
0.0147385
0.010744
0.0132233
0.0157027
0.0170801
0.0122591
0.0181821
0.0118459
0.00854007
0.0157027
0.0181821
0.0196973
0.0100552
0.0177689
0.010744
0.00854007
0.00771361
0.0137743
0.0183198
0.0114327
0.0140498
0.0118459
0.0100552
0.0143253
0.0154272
0.0181821
0.0157027
0.0125346
0.00909104
0.0115704
0.0133611
0.0181821
0.0172179
0.0151517
0.0151517
0.0161159
0.0126724
0.0158405
0.0187331
0.0188708
0.0143253
0.0158405
0.0104685
0.0132233
0.0195595
0.0216257
0.014463
0.014463
0.0133611
0.0130856
0.015565
0.0122591
0.0129478
0.0163914
0.0161159
0.0184576
0.0173556
0.013912
0.0217634
0.0187331
0.0163914
0.0136366
0.0173556
0.0245183
0.0206615
0.0187331
0.0184576
0.014463
0.0195595
0.0158405
0.0179066
0.0206615
0.0202482
0.0173556
0.0172179
0.0185953
0.020386
0.0236918
0.0133611
0.0166669
0.0176311
0.0154272
0.0225899
0.0214879
0.0183198
0.0151517
0.0152895
0.0206615
0.0176311
0.0206615
0.0195595
0.019284
0.0213502
0.0183198
0.0214879
0.0209369
0.0239673
0.0234163
0.0206615
0.0185953
0.0209369
0.0179066
0.0172179
0.0194218
0.020386
0.0223144
0.0217634
0.0263089
0.030579
0.0219011
0.0179066
0.0194218
0.0217634
0.0330583
0.0247938
0.0271354
0.0347113
0.0282373
0.0265844
0.0217634
0.0234163
0.0253447
0.0183198
0.0201105
0.0172179
0.0234163
0.0235541
0.019284
0.0201105
0.0183198
0.020386
0.0207992
0.0180443
0.0187331
0.0268599
0.0312677
0.0236918
0.0185953
0.0212124
0.0234163
0.0264467
0.0314054
0.0362264
0.0250692
0.0234163
0.020386
0.0176311
0.0213502
0.0214879
0.0180443
0.0209369
0.0194218
0.0172179
0.0201105
0.0143253
0.0191463
0.0163914
0.0185953
0.0134988
0.019284
0.0296148
0.0268599
0.0230031
0.0263089
0.0151517
0.0123969
0.0137743
0.0201105
0.0172179
0.0236918
0.0264467
0.030579
0.0216257
0.0195595
0.0134988
0.019284
0.024105
0.0285128
0.0214879
0.0181821
0.0199727
0.0231408
0.0236918
0.0184576
0.0195595
0.0196973
0.0140498
0.0143253
0.0169424
0.0163914
0.0154272
0.0117082
0.0165292
0.0170801
0.0177689
0.013912
0.0206615
0.0187331
0.0170801
0.0187331
0.0221766
0.0268599
0.0195595
0.0128101
0.013912
0.010193
0.0118459
0.010744
0.0125346
0.0179066
0.0227276
0.0177689
0.00950427
0.00950427
0.0119836
0.0137743
0.0148763
0.0103307
0.00867781
0.0163914
0.0190085
0.0162537
0.0151517
0.013912
0.0117082
0.00757587
0.0104685
0.0119836
0.0148763
0.0154272
0.0125346
0.00509649
0.00633618
0.00909104
0.0181821
0.0209369
0.0104685
0.0115704
0.00826458
0.0114327
0.0118459
0.0152895
0.0166669
0.0177689
0.019284
0.0172179
0.0158405
0.00964201
0.00977976
0.0123969
0.00427003
0.00344358
0
0.00220389
0.00358132
0.00785135
0.00316809
0.00619844
0.0112949
0.00950427
0.0100552
0.00826458
0.0100552
0.0104685
0.0110194
0.0110194
0.00936653
0.0100552
0.00854007
0.00950427
0.0122591
0.00550972
0.00179066
0.00110194
0.00592295
0.0100552
0.0106062
0.0123969
0.00578521
0.00220389
0.00358132
0.00468326
0.00537198
0.00964201
0.010744
0.00730038
0.00330583
0.00385681
0.00550972
0.0103307
0.010744
0.00771361
0.00454552
0.00688715
0.00509649
0.00537198
0.00716264
0.000275486
0.00110194
0.00123969
0.00482101
0.00909104
0.0130856
0.0123969
0.00482101
0.00619844
0.00785135
0.00771361
0.00977976
0.0133611
0.0114327
0.0125346
0.00385681
0.00303035
0.00619844
0.00523424
0.00523424
0.00854007
0.0158405
0.0140498
0.0108817
0.0123969
0.0130856
0.00826458
0.0112949
0.0126724
0.00592295
0.00909104
0.0129478
0.0181821
0.00909104
0.0070249
0.0166669
0.0154272
0.0117082
0.00633618
0.00964201
0.0195595
0.0174934
0.0104685
0.00550972
0.0137743
0.014463
0.00688715
0.00619844
0.0112949
0.00592295
0.0134988
0.0079891
0.00688715
0.0117082
0.0123969
0.00495875
0.00922878
0.00922878
0.013912
0.0206615
0.0122591
0.00785135
0.00578521
0.00550972
0.00730038
0.00867781
0.0117082
0.0158405
0.0106062
0.0126724
0.010744
0.00867781
0.00867781
0.0118459
0.00840233
0.0181821
0.0136366
0.00647392
0.0079891
0.0205237
0.0147385
0.0118459
0.0129478
0.00785135
0.015014
0.0180443
0.0143253
0.0112949
0.0134988
0.0103307
0.0079891
0.0134988
0.0108817
0.0119836
0.0137743
0.0146008
0.0110194
0.0140498
0.0207992
0.0191463
0.0126724
0.0123969
0.0181821
0.00964201
0.0146008
0.00950427
0.0130856
0.0172179
0.0187331
0.0243805
0.0220389
0.015565
0.014463
0.019835
0.0141875
0.0123969
0.0152895
0.0199727
0.0247938
0.0176311
0.0147385
0.0125346
0.0119836
0.0170801
0.0173556
0.0141875
0.0188708
0.0220389
0.0217634
0.0166669
0.0172179
0.0168047
0.0188708
0.0221766
0.0213502
0.0417361
0.0420116
0.0427003
0.04394
0.0454552
0.0443533
0.0421494
0.0454552
0.0454552
0.0443533
0.0449042
0.0533066
0.0484856
0.0486233
0.0466949
0.0217634
0.0179066
0.0179066
0.0188708
0.0165292
0.0148763
0.0214879
0.0210747
0.0191463
0.0179066
0.0210747
0.0224521
0.0217634
0.0243805
0.0224521
0.0253447
0.0206615
0.015014
0.0157027
0.020386
0.0166669
0.0176311
0.0223144
0.0213502
0.0179066
0.014463
0.0125346
0.014463
0.0162537
0.0174934
0.0174934
0.0158405
0.0190085
0.0183198
0.0159782
0.0212124
0.0170801
0.0232786
0.0202482
0.0146008
0.0214879
0.0147385
0.0173556
0.0190085
0.0196973
0.019284
0.0249315
0.0238295
0.0179066
0.0220389
0.0205237
0.0223144
0.0279618
0.0309922
0.0236918
0.0219011
0.0231408
0.0190085
0.0176311
0.019284
0.024105
0.0296148
0.0231408
0.0187331
0.0199727
0.0195595
0.0216257
0.0271354
0.0239673
0.019835
0.0232786
0.0263089
0.0280996
0.0276864
0.0274109
0.0303035
0.0282373
0.0304412
0.0283751
0.0206615
0.0283751
0.0296148
0.0223144
0.0194218
0.0199727
0.0290638
0.0219011
0.0209369
0.0180443
0.0181821
0.0172179
0.0209369
0.0242428
0.0213502
0.0230031
0.0224521
0.0207992
0.0174934
0.0137743
0.0157027
0.0173556
0.0147385
0.0137743
0.0191463
0.0184576
0.0172179
0.0176311
0.010744
0.0152895
0.0147385
0.00977976
0.00922878
0.00785135
0.0125346
0.0209369
0.0213502
0.0152895
0.0161159
0.0158405
0.0134988
0.00854007
0.00922878
0.0103307
0.0121214
0.0110194
0.0143253
0.0199727
0.0227276
0.0194218
0.014463
0.0173556
0.0179066
0.0119836
0.013912
0.0165292
0.0172179
0.0185953
0.0188708
0.0185953
0.0147385
0.0179066
0.0159782
0.0179066
0.0154272
0.0185953
0.0177689
0.00936653
0.0137743
0.0199727
0.0161159
0.00922878
0.00633618
0.00674941
0.010193
0.0114327
0.0103307
0.00854007
0.010744
0.0181821
0.0163914
0.0089533
0.0114327
0.0166669
0.0128101
0.0103307
0.0128101
0.0151517
0.0148763
0.00730038
0.0104685
0.00771361
0.0099175
0.0132233
0.00964201
0.0114327
0.010744
0.00647392
0.00936653
0.0099175
0.0114327
0.0130856
0.00647392
0.00413229
0.00206615
0.00344358
0.00854007
0.0159782
0.00909104
0.00909104
0.0110194
0.0108817
0.00454552
0.00537198
0.00826458
0.00550972
0.00757587
0.0117082
0.0134988
0.0130856
0.0099175
0.0111572
0.0110194
0.0117082
0.0121214
0.0114327
0.00330583
0.00674941
0.00812684
0.00922878
0.0115704
0.0089533
0.0108817
0.00564747
0.00743813
0.0103307
0.00537198
0.00344358
0.00730038
0.00909104
0
0.000964201
0.0104685
0.0169424
0.0126724
0.0132233
0.0130856
0.0137743
0.0106062
0.0110194
0.0114327
0.0114327
0.00619844
0.0089533
0.0129478
0.0129478
0.014463
0.0147385
0.0136366
0.0104685
0.0079891
0.0117082
0.0190085
0.0196973
0.0114327
0.00730038
0.00413229
0.00716264
0.0141875
0.0152895
0.014463
0.0123969
0.0179066
0.00881556
0.0115704
0.00922878
0.0114327
0.0154272
0.0137743
0.013912
0.0146008
0.015014
0.00785135
0.0130856
0.0143253
0.0152895
0.0168047
0.0146008
0.0121214
0.0126724
0.00757587
0.00977976
0.0089533
0.00592295
0.00688715
0.0154272
0.0103307
0.0165292
0.0187331
0.0114327
0.0117082
0.0177689
0.0106062
0.0104685
0.00482101
0.0143253
0.0212124
0.0146008
0.0132233
0.0128101
0.0191463
0.0106062
0.0130856
0.0104685
0.00950427
0.00936653
0.0079891
0.00826458
0.0114327
0.0125346
0.0172179
0.0181821
0.0223144
0.0172179
0.0162537
0.0146008
0.0137743
0.0168047
0.0122591
0.0141875
0.0103307
0.0159782
0.0173556
0.0177689
0.0161159
0.019284
0.0169424
0.0123969
0.0126724
0.0134988
0.0162537
0.0146008
0.0173556
0.0151517
0.0112949
0.0103307
0.0187331
0.020386
0.015014
0.0106062
0.0140498
0.0148763
0.0148763
0.0172179
0.0181821
0.0119836
0.00785135
0.0134988
0.0100552
0.0148763
0.0137743
0.0223144
0.0206615
0.0199727
0.0219011
0.0205237
0.0195595
0.0217634
0.0236918
0.0242428
0.0166669
0.0157027
0.0179066
0.0181821
0.0165292
0.0210747
0.0174934
0.0166669
0.0190085
0.015014
0.0165292
0.0227276
0.0206615
0.00165292
0.00261712
0.00137743
0.00247938
0.00137743
0.00179066
0.00330583
0.00137743
0.00165292
0.00234163
0.00247938
0.00206615
0.00137743
0.00261712
0.0152895
0.0221766
0.0280996
0.0247938
0.0268599
0.0235541
0.0235541
0.0165292
0.0151517
0.0224521
0.0221766
0.0179066
0.0184576
0.0209369
0.0172179
0.0196973
0.0227276
0.0256202
0.0247938
0.0250692
0.0157027
0.0163914
0.0168047
0.020386
0.0180443
0.0174934
0.014463
0.0190085
0.0258957
0.0191463
0.0154272
0.0146008
0.0202482
0.0180443
0.0166669
0.0202482
0.0152895
0.0179066
0.0214879
0.0195595
0.0213502
0.0247938
0.0206615
0.0219011
0.0213502
0.0217634
0.0228653
0.0187331
0.0190085
0.0201105
0.0214879
0.0228653
0.0196973
0.0224521
0.0260334
0.025758
0.0199727
0.0227276
0.0194218
0.0185953
0.0161159
0.0207992
0.0154272
0.0185953
0.0173556
0.0121214
0.014463
0.0166669
0.0199727
0.0268599
0.019284
0.0190085
0.014463
0.0190085
0.0157027
0.0214879
0.0152895
0.0166669
0.0195595
0.015014
0.0195595
0.0190085
0.0207992
0.019284
0.0166669
0.0190085
0.0228653
0.0245183
0.0129478
0.0140498
0.010193
0.0119836
0.019284
0.0210747
0.0152895
0.0133611
0.0141875
0.0126724
0.0112949
0.0133611
0.0170801
0.0172179
0.0123969
0.0133611
0.013912
0.0154272
0.0165292
0.0152895
0.0148763
0.0176311
0.0134988
0.0188708
0.0151517
0.0181821
0.0179066
0.0140498
0.0181821
0.0128101
0.0152895
0.0141875
0.0119836
0.0161159
0.0172179
0.0089533
0.0132233
0.0190085
0.0202482
0.0125346
0.00661167
0.00454552
0.00482101
0.00785135
0.00757587
0.00964201
0.0130856
0.0136366
0.00674941
0.00867781
0.00661167
0.00854007
0.00977976
0.0103307
0.0129478
0.0119836
0.0130856
0.0166669
0.0130856
0.0128101
0.0117082
0.0110194
0.0134988
0.00854007
0.0100552
0.015014
0.0137743
0.0119836
0.0123969
0.0148763
0.0170801
0.0099175
0.0099175
0.0152895
0.0128101
0.013912
0.00537198
0.00688715
0.0112949
0.00385681
0.00592295
0.0111572
0.0152895
0.00647392
0.00730038
0.0137743
0.00771361
0.00303035
0.00977976
0.0114327
0.0118459
0.013912
0.0114327
0.0099175
0.0106062
0.010744
0.0125346
0.0129478
0.010744
0.00358132
0.00330583
0.00537198
0.00179066
0.0028926
0.010193
0.0099175
0.0121214
0.0122591
0.0121214
0.0110194
0.000964201
0.000137743
0.00123969
0.010744
0.0099175
0.0110194
0.00633618
0.00716264
0.0079891
0.00936653
0.0111572
0.0103307
0.00743813
0.00633618
0.00881556
0.0133611
0.00964201
0.0137743
0.0146008
0.0158405
0.0140498
0.0152895
0.0151517
0.0122591
0.0136366
0.0161159
0.0159782
0.0123969
0.00867781
0.0119836
0.0117082
0.0117082
0.0110194
0.00826458
0.0110194
0.0117082
0.0106062
0.0115704
0.0123969
0.0114327
0.00936653
0.0128101
0.00922878
0.0123969
0.0100552
0.00867781
0.0108817
0.00716264
0.0123969
0.015565
0.0126724
